100	100	0.5	900	571	
100	100	0.5	500	796	
100	100	0.5	900	532	
100	100	0.5	500	602	
100	100	0.5	100	171	
100	100	0.5	500	116	
100	100	0.5	900	656	
100	100	0.5	100	656	
100	100	0.5	900	863	
100	100	0.5	500	575	
100	100	0.5	500	788	
100	100	0.5	500	377	
100	100	0.5	500	360	
100	100	0.5	900	926	
100	100	0.5	500	417	
100	100	0.5	100	796	
100	100	0.5	100	941	
100	100	0.5	100	548	
100	100	0.5	100	926	
100	100	0.5	900	30	
100	100	0.5	900	61	
100	100	0.5	500	645	
100	100	0.5	500	844	
100	100	0.5	100	190	
100	100	0.5	900	535	
100	100	0.5	100	744	
100	100	0.5	100	741	
100	100	0.5	500	899	
100	100	0.5	500	949	
100	100	0.5	100	880	
100	100	0.5	500	819	
100	100	0.5	900	592	
100	100	0.5	100	670	
100	100	0.5	900	638	
100	100	0.5	900	244	
100	100	0.5	100	725	
100	100	0.5	100	646	
100	100	0.5	100	349	
100	100	0.5	900	443	
100	100	0.5	500	726	
100	100	0.5	500	229	
100	100	0.5	500	198	
100	100	0.5	100	110	
100	100	0.5	100	366	
100	100	0.5	100	934	
100	100	0.5	500	855	
100	100	0.5	900	116	
100	100	0.5	500	664	
100	100	0.5	100	938	
100	100	0.5	100	731	
100	100	0.5	900	653	
100	100	0.5	900	815	
100	100	0.5	100	568	
100	100	0.5	100	552	
100	100	0.5	100	707	
100	100	0.5	100	751	
100	100	0.5	900	222	
100	100	0.5	900	572	
100	100	0.5	900	136	
100	100	0.5	900	78	
100	100	0.5	500	26	
100	100	0.5	100	618	
100	100	0.5	900	749	
100	100	0.5	900	396	
100	100	0.5	500	82	
100	100	0.5	100	95	
100	100	0.5	100	515	
100	100	0.5	900	997	
100	100	0.5	500	742	
100	100	0.5	900	583	
100	100	0.5	100	863	
100	100	0.5	500	776	
100	100	0.5	500	780	
100	100	0.5	900	786	
100	100	0.5	100	329	
100	100	0.5	900	84	
100	100	0.5	900	799	
100	100	0.5	900	889	
100	100	0.5	900	746	
100	100	0.5	900	750	
100	100	0.5	500	346	
100	100	0.5	500	631	
100	100	0.5	500	159	
100	100	0.5	100	561	
100	100	0.5	900	644	
100	100	0.5	100	377	
100	100	0.5	500	246	
100	100	0.5	500	76	
100	100	0.5	100	563	
100	100	0.5	900	540	
100	100	0.5	500	950	
100	100	0.5	500	566	
100	100	0.5	100	972	
100	100	0.5	100	650	
100	100	0.5	900	330	
100	100	0.5	100	634	
100	100	0.5	100	204	
100	100	0.5	500	498	
100	100	0.5	500	483	
100	100	0.5	100	680	
100	100	0.5	500	611	
100	100	0.5	900	338	
100	100	0.5	100	756	
100	100	0.5	900	685	
100	100	0.5	500	488	
100	100	0.5	500	907	
100	100	0.5	500	737	
100	100	0.5	900	4	
100	100	0.5	500	409	
100	100	0.5	500	506	
100	100	0.5	900	955	
100	100	0.5	500	734	
100	100	0.5	500	511	
100	100	0.5	500	413	
100	100	0.5	100	830	
100	100	0.5	100	378	
100	100	0.5	900	368	
100	100	0.5	100	648	
100	100	0.5	500	849	
100	100	0.5	900	950	
100	100	0.5	100	259	
100	100	0.5	900	771	
100	100	0.5	100	600	
100	100	0.5	100	261	
100	100	0.5	100	79	
100	100	0.5	500	795	
100	100	0.5	900	635	
100	100	0.5	900	348	
100	100	0.5	100	202	
100	100	0.5	900	254	
100	100	0.5	900	755	
100	100	0.5	100	465	
100	100	0.5	500	248	
100	100	0.5	500	872	
100	100	0.5	900	147	
100	100	0.5	100	899	
100	100	0.5	100	86	
100	100	0.5	900	37	
100	100	0.5	900	527	
100	100	0.5	100	735	
100	100	0.5	900	458	
100	100	0.5	900	629	
100	100	0.5	900	428	
100	100	0.5	900	60	
100	100	0.5	900	101	
100	100	0.5	100	995	
100	100	0.5	100	550	
100	100	0.5	100	215	
100	100	0.5	100	584	
100	100	0.5	900	897	
100	100	0.5	100	500	
100	100	0.5	500	202	
100	100	0.5	900	589	
100	100	0.5	500	992	
100	100	0.5	100	753	
100	100	0.5	900	176	
100	100	0.5	900	891	
100	100	0.5	900	608	
100	100	0.5	100	23	
100	100	0.5	500	418	
100	100	0.5	100	178	
100	100	0.5	500	227	
100	100	0.5	900	820	
100	100	0.5	900	739	
100	100	0.5	100	677	
100	100	0.5	900	989	
100	100	0.5	500	401	
100	100	0.5	900	780	
100	100	0.5	500	643	
100	100	0.5	500	655	
100	100	0.5	100	454	
100	100	0.5	500	152	
100	100	0.5	100	302	
100	100	0.5	900	331	
100	100	0.5	900	97	
100	100	0.5	100	385	
100	100	0.5	900	614	
100	100	0.5	100	418	
100	100	0.5	500	13	
100	100	0.5	100	797	
100	100	0.5	900	844	
100	100	0.5	900	735	
100	100	0.5	900	309	
100	100	0.5	500	689	
100	100	0.5	100	81	
100	100	0.5	100	583	
100	100	0.5	900	677	
100	100	0.5	900	710	
100	100	0.5	100	867	
100	100	0.5	900	647	
100	100	0.5	500	292	
100	100	0.5	900	353	
100	100	0.5	500	766	
100	100	0.5	100	983	
100	100	0.5	900	826	
100	100	0.5	500	14	
100	100	0.5	900	276	
100	100	0.5	100	904	
100	100	0.5	900	628	
100	100	0.5	900	733	
100	100	0.5	500	158	
100	100	0.5	100	245	
100	100	0.5	900	659	
100	100	0.5	500	363	
100	100	0.5	100	211	
100	100	0.5	900	223	
100	100	0.5	900	197	
100	100	0.5	100	531	
100	100	0.5	100	455	
100	100	0.5	100	619	
100	100	0.5	900	533	
100	100	0.5	900	882	
100	100	0.5	100	124	
100	100	0.5	500	857	
100	100	0.5	100	528	
100	100	0.5	500	719	
100	100	0.5	500	913	
100	100	0.5	900	361	
100	100	0.5	100	808	
100	100	0.5	100	788	
100	100	0.5	500	31	
100	100	0.5	500	265	
100	100	0.5	500	140	
100	100	0.5	100	313	
100	100	0.5	100	292	
100	100	0.5	500	684	
100	100	0.5	500	610	
100	100	0.5	100	237	
100	100	0.5	900	752	
100	100	0.5	900	64	
100	100	0.5	900	520	
100	100	0.5	900	87	
100	100	0.5	500	635	
100	100	0.5	100	765	
100	100	0.5	900	953	
100	100	0.5	900	834	
100	100	0.5	100	799	
100	100	0.5	100	953	
100	100	0.5	900	422	
100	100	0.5	100	907	
100	100	0.5	500	236	
100	100	0.5	100	921	
100	100	0.5	900	76	
100	100	0.5	500	452	
100	100	0.5	100	383	
100	100	0.5	900	957	
100	100	0.5	100	623	
100	100	0.5	500	253	
100	100	0.5	900	349	
100	100	0.5	100	989	
100	100	0.5	900	543	
100	100	0.5	100	5	
100	100	0.5	100	386	
100	100	0.5	100	770	
100	100	0.5	100	169	
100	100	0.5	100	518	
100	100	0.5	900	597	
100	100	0.5	500	839	
100	100	0.5	500	171	
100	100	0.5	100	837	
100	100	0.5	500	810	
100	100	0.5	100	543	
100	100	0.5	900	221	
100	100	0.5	500	650	
100	100	0.5	100	250	
100	100	0.5	100	894	
100	100	0.5	900	949	
100	100	0.5	500	10	
100	100	0.5	100	721	
100	100	0.5	500	678	
100	100	0.5	900	190	
100	100	0.5	900	273	
100	100	0.5	900	239	
100	100	0.5	100	541	
100	100	0.5	500	529	
100	100	0.5	900	796	
100	100	0.5	500	572	
100	100	0.5	100	251	
100	100	0.5	500	581	
100	100	0.5	900	566	
100	100	0.5	500	94	
100	100	0.5	500	70	
100	100	0.5	100	922	
100	100	0.5	100	268	
100	100	0.5	100	240	
100	100	0.5	900	207	
100	100	0.5	900	300	
100	100	0.5	900	867	
100	100	0.5	100	43	
100	100	0.5	100	159	
100	100	0.5	500	188	
100	100	0.5	900	961	
100	100	0.5	100	781	
100	100	0.5	500	548	
100	100	0.5	100	602	
100	100	0.5	900	904	
100	100	0.5	900	337	
100	100	0.5	500	250	
100	100	0.5	100	936	
100	100	0.5	500	120	
100	100	0.5	100	716	
100	100	0.5	900	73	
100	100	0.5	500	782	
100	100	0.5	100	950	
100	100	0.5	500	559	
100	100	0.5	500	48	
100	100	0.5	100	146	
100	100	0.5	100	70	
100	100	0.5	900	531	
100	100	0.5	500	833	
100	100	0.5	900	711	
100	100	0.5	100	450	
100	100	0.5	900	20	
100	100	0.5	900	8	
100	100	0.5	900	367	
100	100	0.5	500	825	
100	100	0.5	500	103	
100	100	0.5	900	779	
100	100	0.5	900	142	
100	100	0.5	500	906	
100	100	0.5	900	982	
100	100	0.5	100	173	
100	100	0.5	500	966	
100	100	0.5	500	652	
100	100	0.5	100	961	
100	100	0.5	900	166	
100	100	0.5	500	35	
100	100	0.5	500	743	
100	100	0.5	900	923	
100	100	0.5	900	708	
100	100	0.5	500	755	
100	100	0.5	900	936	
100	100	0.5	900	164	
100	100	0.5	100	154	
100	100	0.5	100	874	
100	100	0.5	900	181	
100	100	0.5	900	174	
100	100	0.5	500	192	
100	100	0.5	900	534	
100	100	0.5	500	220	
100	100	0.5	500	935	
100	100	0.5	500	910	
100	100	0.5	500	96	
100	100	0.5	100	381	
100	100	0.5	900	690	
100	100	0.5	100	46	
100	100	0.5	900	890	
100	100	0.5	500	3	
100	100	0.5	900	660	
100	100	0.5	100	836	
100	100	0.5	900	266	
100	100	0.5	500	841	
100	100	0.5	100	161	
100	100	0.5	500	983	
100	100	0.5	100	727	
100	100	0.5	900	436	
100	100	0.5	100	229	
100	100	0.5	100	16	
100	100	0.5	900	433	
100	100	0.5	500	792	
100	100	0.5	100	667	
100	100	0.5	500	685	
100	100	0.5	500	775	
100	100	0.5	900	928	
100	100	0.5	100	625	
100	100	0.5	100	890	
100	100	0.5	900	657	
100	100	0.5	100	354	
100	100	0.5	500	778	
100	100	0.5	100	94	
100	100	0.5	900	451	
100	100	0.5	100	717	
100	100	0.5	500	275	
100	100	0.5	500	551	
100	100	0.5	500	605	
100	100	0.5	100	718	
100	100	0.5	100	297	
100	100	0.5	500	18	
100	100	0.5	500	763	
100	100	0.5	900	600	
100	100	0.5	900	634	
100	100	0.5	500	329	
100	100	0.5	500	577	
100	100	0.5	500	11	
100	100	0.5	500	540	
100	100	0.5	100	682	
100	100	0.5	100	77	
100	100	0.5	900	753	
100	100	0.5	900	442	
100	100	0.5	100	786	
100	100	0.5	500	975	
100	100	0.5	100	414	
100	100	0.5	900	153	
100	100	0.5	100	911	
100	100	0.5	100	220	
100	100	0.5	500	108	
100	100	0.5	100	627	
100	100	0.5	900	683	
100	100	0.5	500	142	
100	100	0.5	500	735	
100	100	0.5	100	441	
100	100	0.5	500	583	
100	100	0.5	500	747	
100	100	0.5	500	117	
100	100	0.5	900	154	
100	100	0.5	500	930	
100	100	0.5	500	662	
100	100	0.5	900	768	
100	100	0.5	100	553	
100	100	0.5	500	128	
100	100	0.5	100	270	
100	100	0.5	100	253	
100	100	0.5	100	299	
100	100	0.5	100	471	
100	100	0.5	100	838	
100	100	0.5	900	850	
100	100	0.5	500	342	
100	100	0.5	500	770	
100	100	0.5	100	22	
100	100	0.5	900	410	
100	100	0.5	500	501	
100	100	0.5	500	895	
100	100	0.5	500	106	
100	100	0.5	900	497	
100	100	0.5	500	394	
100	100	0.5	900	186	
100	100	0.5	500	883	
100	100	0.5	500	499	
100	100	0.5	900	489	
100	100	0.5	100	946	
100	100	0.5	500	39	
100	100	0.5	500	474	
100	100	0.5	500	603	
100	100	0.5	500	376	
100	100	0.5	100	4	
100	100	0.5	900	308	
100	100	0.5	900	580	
100	100	0.5	900	303	
100	100	0.5	100	456	
100	100	0.5	900	764	
100	100	0.5	900	385	
100	100	0.5	500	931	
100	100	0.5	900	464	
100	100	0.5	500	628	
100	100	0.5	500	385	
100	100	0.5	900	827	
100	100	0.5	100	82	
100	100	0.5	900	33	
100	100	0.5	500	304	
100	100	0.5	900	809	
100	100	0.5	100	800	
100	100	0.5	500	457	
100	100	0.5	500	326	
100	100	0.5	500	932	
100	100	0.5	900	856	
100	100	0.5	100	849	
100	100	0.5	500	334	
100	100	0.5	100	571	
100	100	0.5	500	153	
100	100	0.5	900	503	
100	100	0.5	500	300	
100	100	0.5	100	170	
100	100	0.5	900	187	
100	100	0.5	100	844	
100	100	0.5	100	750	
100	100	0.5	900	57	
100	100	0.5	100	393	
100	100	0.5	900	184	
100	100	0.5	900	756	
100	100	0.5	500	2	
100	100	0.5	100	103	
100	100	0.5	100	475	
100	100	0.5	100	928	
100	100	0.5	100	580	
100	100	0.5	500	846	
100	100	0.5	500	434	
100	100	0.5	500	237	
100	100	0.5	900	772	
100	100	0.5	900	606	
100	100	0.5	900	446	
100	100	0.5	500	135	
100	100	0.5	500	608	
100	100	0.5	500	77	
100	100	0.5	900	603	
100	100	0.5	500	347	
100	100	0.5	100	33	
100	100	0.5	900	576	
100	100	0.5	100	722	
100	100	0.5	900	987	
100	100	0.5	500	318	
100	100	0.5	900	994	
100	100	0.5	500	745	
100	100	0.5	500	513	
100	100	0.5	900	910	
100	100	0.5	500	523	
100	100	0.5	900	18	
100	100	0.5	100	373	
100	100	0.5	900	83	
100	100	0.5	500	868	
100	100	0.5	500	63	
100	100	0.5	500	707	
100	100	0.5	500	972	
100	100	0.5	500	101	
100	100	0.5	500	569	
100	100	0.5	100	247	
100	100	0.5	900	162	
100	100	0.5	900	323	
100	100	0.5	900	639	
100	100	0.5	100	609	
100	100	0.5	500	885	
100	100	0.5	100	758	
100	100	0.5	900	426	
100	100	0.5	100	915	
100	100	0.5	500	615	
100	100	0.5	100	663	
100	100	0.5	100	685	
100	100	0.5	500	441	
100	100	0.5	500	927	
100	100	0.5	500	145	
100	100	0.5	900	522	
100	100	0.5	100	564	
100	100	0.5	100	933	
100	100	0.5	100	985	
100	100	0.5	500	443	
100	100	0.5	100	291	
100	100	0.5	900	386	
100	100	0.5	100	290	
100	100	0.5	900	99	
100	100	0.5	500	993	
100	100	0.5	900	217	
100	100	0.5	500	291	
100	100	0.5	900	977	
100	100	0.5	500	40	
100	100	0.5	500	281	
100	100	0.5	500	999	
100	100	0.5	100	365	
100	100	0.5	500	167	
100	100	0.5	500	174	
100	100	0.5	100	499	
100	100	0.5	500	8	
100	100	0.5	500	472	
100	100	0.5	100	569	
100	100	0.5	500	45	
100	100	0.5	900	42	
100	100	0.5	500	15	
100	100	0.5	900	312	
100	100	0.5	900	911	
100	100	0.5	100	901	
100	100	0.5	900	178	
100	100	0.5	900	196	
100	100	0.5	100	848	
100	100	0.5	100	301	
100	100	0.5	100	238	
100	100	0.5	900	359	
100	100	0.5	900	128	
100	100	0.5	100	501	
100	100	0.5	500	738	
100	100	0.5	500	715	
100	100	0.5	500	389	
100	100	0.5	100	20	
100	100	0.5	100	828	
100	100	0.5	900	145	
100	100	0.5	900	158	
100	100	0.5	500	619	
100	100	0.5	500	633	
100	100	0.5	500	717	
100	100	0.5	100	821	
100	100	0.5	100	767	
100	100	0.5	900	719	
100	100	0.5	500	582	
100	100	0.5	500	388	
100	100	0.5	100	134	
100	100	0.5	900	956	
100	100	0.5	100	337	
100	100	0.5	500	339	
100	100	0.5	500	802	
100	100	0.5	100	147	
100	100	0.5	900	669	
100	100	0.5	900	472	
100	100	0.5	500	424	
100	100	0.5	100	117	
100	100	0.5	500	674	
100	100	0.5	900	401	
100	100	0.5	900	435	
100	100	0.5	900	321	
100	100	0.5	100	703	
100	100	0.5	900	72	
100	100	0.5	500	467	
100	100	0.5	900	582	
100	100	0.5	500	594	
100	100	0.5	900	170	
100	100	0.5	100	811	
100	100	0.5	900	318	
100	100	0.5	100	780	
100	100	0.5	900	518	
100	100	0.5	100	917	
100	100	0.5	100	191	
100	100	0.5	500	571	
100	100	0.5	500	51	
100	100	0.5	100	842	
100	100	0.5	500	556	
100	100	0.5	500	892	
100	100	0.5	900	617	
100	100	0.5	500	54	
100	100	0.5	500	222	
100	100	0.5	500	692	
100	100	0.5	900	208	
100	100	0.5	900	862	
100	100	0.5	900	736	
100	100	0.5	500	12	
100	100	0.5	500	430	
100	100	0.5	900	565	
100	100	0.5	100	172	
100	100	0.5	900	991	
100	100	0.5	500	541	
100	100	0.5	100	118	
100	100	0.5	900	483	
100	100	0.5	100	688	
100	100	0.5	500	977	
100	100	0.5	100	260	
100	100	0.5	500	699	
100	100	0.5	500	828	
100	100	0.5	900	504	
100	100	0.5	500	886	
100	100	0.5	900	652	
100	100	0.5	100	278	
100	100	0.5	500	476	
100	100	0.5	100	818	
100	100	0.5	900	787	
100	100	0.5	500	448	
100	100	0.5	500	219	
100	100	0.5	100	364	
100	100	0.5	900	325	
100	100	0.5	900	525	
100	100	0.5	500	446	
100	100	0.5	900	319	
100	100	0.5	100	399	
100	100	0.5	100	554	
100	100	0.5	500	266	
100	100	0.5	100	78	
100	100	0.5	100	852	
100	100	0.5	900	915	
100	100	0.5	900	939	
100	100	0.5	500	716	
100	100	0.5	500	261	
100	100	0.5	500	733	
100	100	0.5	900	728	
100	100	0.5	100	335	
100	100	0.5	500	840	
100	100	0.5	500	303	
100	100	0.5	500	259	
100	100	0.5	900	475	
100	100	0.5	900	481	
100	100	0.5	900	700	
100	100	0.5	900	429	
100	100	0.5	100	449	
100	100	0.5	500	442	
100	100	0.5	500	636	
100	100	0.5	100	850	
100	100	0.5	900	114	
100	100	0.5	500	373	
100	100	0.5	500	232	
100	100	0.5	500	91	
100	100	0.5	500	520	
100	100	0.5	500	982	
100	100	0.5	900	794	
100	100	0.5	500	156	
100	100	0.5	500	403	
100	100	0.5	100	909	
100	100	0.5	900	951	
100	100	0.5	500	463	
100	100	0.5	100	873	
100	100	0.5	500	306	
100	100	0.5	500	114	
100	100	0.5	900	138	
100	100	0.5	500	333	
100	100	0.5	100	771	
100	100	0.5	900	322	
100	100	0.5	100	175	
100	100	0.5	100	243	
100	100	0.5	100	284	
100	100	0.5	100	675	
100	100	0.5	500	461	
100	100	0.5	900	715	
100	100	0.5	500	547	
100	100	0.5	900	594	
100	100	0.5	900	747	
100	100	0.5	900	253	
100	100	0.5	900	291	
100	100	0.5	500	451	
100	100	0.5	100	559	
100	100	0.5	100	586	
100	100	0.5	500	462	
100	100	0.5	500	468	
100	100	0.5	900	655	
100	100	0.5	900	215	
100	100	0.5	900	667	
100	100	0.5	100	443	
100	100	0.5	100	631	
100	100	0.5	100	833	
100	100	0.5	500	777	
100	100	0.5	900	561	
100	100	0.5	900	357	
100	100	0.5	100	244	
100	100	0.5	500	708	
100	100	0.5	100	248	
100	100	0.5	500	589	
100	100	0.5	500	985	
100	100	0.5	900	27	
100	100	0.5	100	273	
100	100	0.5	500	235	
100	100	0.5	900	893	
100	100	0.5	500	527	
100	100	0.5	900	720	
100	100	0.5	900	55	
100	100	0.5	500	971	
100	100	0.5	500	218	
100	100	0.5	500	301	
100	100	0.5	900	633	
100	100	0.5	500	97	
100	100	0.5	900	962	
100	100	0.5	500	496	
100	100	0.5	100	321	
100	100	0.5	900	622	
100	100	0.5	100	389	
100	100	0.5	500	1	
100	100	0.5	900	408	
100	100	0.5	900	7	
100	100	0.5	100	595	
100	100	0.5	100	679	
100	100	0.5	100	198	
100	100	0.5	900	383	
100	100	0.5	100	332	
100	100	0.5	500	332	
100	100	0.5	900	697	
100	100	0.5	900	334	
100	100	0.5	500	920	
100	100	0.5	900	346	
100	100	0.5	900	394	
100	100	0.5	900	487	
100	100	0.5	500	422	
100	100	0.5	900	810	
100	100	0.5	500	487	
100	100	0.5	500	919	
100	100	0.5	100	762	
100	100	0.5	100	280	
100	100	0.5	500	183	
100	100	0.5	100	416	
100	100	0.5	500	823	
100	100	0.5	100	495	
100	100	0.5	500	124	
100	100	0.5	900	619	
100	100	0.5	100	654	
100	100	0.5	100	908	
100	100	0.5	500	741	
100	100	0.5	900	557	
100	100	0.5	900	966	
100	100	0.5	100	817	
100	100	0.5	500	508	
100	100	0.5	100	119	
100	100	0.5	500	751	
100	100	0.5	900	932	
100	100	0.5	500	375	
100	100	0.5	500	274	
100	100	0.5	900	200	
100	100	0.5	900	846	
100	100	0.5	100	326	
100	100	0.5	900	721	
100	100	0.5	500	160	
100	100	0.5	500	166	
100	100	0.5	500	860	
100	100	0.5	900	161	
100	100	0.5	100	739	
100	100	0.5	500	870	
100	100	0.5	500	189	
100	100	0.5	100	886	
100	100	0.5	900	470	
100	100	0.5	100	779	
100	100	0.5	500	739	
100	100	0.5	500	595	
100	100	0.5	500	710	
100	100	0.5	100	774	
100	100	0.5	100	89	
100	100	0.5	500	444	
100	100	0.5	100	263	
100	100	0.5	500	836	
100	100	0.5	500	123	
100	100	0.5	100	269	
100	100	0.5	500	772	
100	100	0.5	100	262	
100	100	0.5	100	395	
100	100	0.5	100	472	
100	100	0.5	100	448	
100	100	0.5	100	835	
100	100	0.5	100	54	
100	100	0.5	500	92	
100	100	0.5	500	197	
100	100	0.5	100	647	
100	100	0.5	100	793	
100	100	0.5	100	137	
100	100	0.5	100	488	
100	100	0.5	900	612	
100	100	0.5	500	942	
100	100	0.5	500	597	
100	100	0.5	900	430	
100	100	0.5	100	964	
100	100	0.5	100	593	
100	100	0.5	500	549	
100	100	0.5	900	624	
100	100	0.5	900	930	
100	100	0.5	500	341	
100	100	0.5	100	3	
100	100	0.5	500	327	
100	100	0.5	900	92	
100	100	0.5	900	12	
100	100	0.5	100	57	
100	100	0.5	100	241	
100	100	0.5	500	176	
100	100	0.5	100	809	
100	100	0.5	500	853	
100	100	0.5	500	477	
100	100	0.5	100	419	
100	100	0.5	900	803	
100	100	0.5	100	882	
100	100	0.5	100	189	
100	100	0.5	900	845	
100	100	0.5	100	483	
100	100	0.5	500	484	
100	100	0.5	900	317	
100	100	0.5	100	519	
100	100	0.5	500	455	
100	100	0.5	100	482	
100	100	0.5	900	480	
100	100	0.5	500	406	
100	100	0.5	900	585	
100	100	0.5	100	128	
100	100	0.5	100	696	
100	100	0.5	500	78	
100	100	0.5	500	537	
100	100	0.5	100	898	
100	100	0.5	900	229	
100	100	0.5	100	754	
100	100	0.5	500	9	
100	100	0.5	900	399	
100	100	0.5	100	424	
100	100	0.5	100	589	
100	100	0.5	500	59	
100	100	0.5	500	555	
100	100	0.5	900	63	
100	100	0.5	100	427	
100	100	0.5	500	705	
100	100	0.5	900	405	
100	100	0.5	500	131	
100	100	0.5	500	979	
100	100	0.5	100	815	
100	100	0.5	500	995	
100	100	0.5	900	765	
100	100	0.5	100	186	
100	100	0.5	900	798	
100	100	0.5	900	267	
100	100	0.5	100	195	
100	100	0.5	100	952	
100	100	0.5	900	96	
100	100	0.5	500	616	
100	100	0.5	500	215	
100	100	0.5	900	699	
100	100	0.5	500	95	
100	100	0.5	500	824	
100	100	0.5	100	978	
100	100	0.5	100	304	
100	100	0.5	100	831	
100	100	0.5	900	985	
100	100	0.5	900	988	
100	100	0.5	900	327	
100	100	0.5	900	271	
100	100	0.5	500	244	
100	100	0.5	100	331	
100	100	0.5	500	686	
100	100	0.5	500	681	
100	100	0.5	900	118	
100	100	0.5	900	980	
100	100	0.5	900	907	
100	100	0.5	100	963	
100	100	0.5	500	231	
100	100	0.5	900	19	
100	100	0.5	500	812	
100	100	0.5	900	840	
100	100	0.5	100	714	
100	100	0.5	500	331	
100	100	0.5	100	706	
100	100	0.5	500	93	
100	100	0.5	500	437	
100	100	0.5	900	740	
100	100	0.5	100	806	
100	100	0.5	100	19	
100	100	0.5	500	21	
100	100	0.5	500	491	
100	100	0.5	900	473	
100	100	0.5	100	442	
100	100	0.5	900	326	
100	100	0.5	500	262	
100	100	0.5	500	874	
100	100	0.5	500	688	
100	100	0.5	100	8	
100	100	0.5	500	464	
100	100	0.5	900	960	
100	100	0.5	900	860	
100	100	0.5	100	370	
100	100	0.5	100	210	
100	100	0.5	100	461	
100	100	0.5	100	807	
100	100	0.5	900	630	
100	100	0.5	900	770	
100	100	0.5	100	271	
100	100	0.5	500	877	
100	100	0.5	900	257	
100	100	0.5	500	722	
100	100	0.5	100	155	
100	100	0.5	100	734	
100	100	0.5	900	491	
100	100	0.5	500	294	
100	100	0.5	900	243	
100	100	0.5	100	167	
100	100	0.5	100	136	
100	100	0.5	100	41	
100	100	0.5	900	445	
100	100	0.5	900	339	
100	100	0.5	500	243	
100	100	0.5	900	171	
100	100	0.5	100	162	
100	100	0.5	900	686	
100	100	0.5	900	541	
100	100	0.5	100	104	
100	100	0.5	500	61	
100	100	0.5	100	822	
100	100	0.5	100	824	
100	100	0.5	900	182	
100	100	0.5	500	113	
100	100	0.5	900	777	
100	100	0.5	500	485	
100	100	0.5	900	423	
100	100	0.5	100	851	
100	100	0.5	100	138	
100	100	0.5	500	586	
100	100	0.5	100	314	
100	100	0.5	100	723	
100	100	0.5	900	298	
100	100	0.5	900	538	
100	100	0.5	900	698	
100	100	0.5	100	228	
100	100	0.5	100	219	
100	100	0.5	500	399	
100	100	0.5	100	398	
100	100	0.5	100	282	
100	100	0.5	900	432	
100	100	0.5	900	256	
100	100	0.5	100	710	
100	100	0.5	100	88	
100	100	0.5	900	465	
100	100	0.5	900	992	
100	100	0.5	900	272	
100	100	0.5	900	328	
100	100	0.5	900	102	
100	100	0.5	100	346	
100	100	0.5	900	407	
100	100	0.5	900	974	
100	100	0.5	100	468	
100	100	0.5	100	343	
100	100	0.5	900	806	
100	100	0.5	100	451	
100	100	0.5	900	979	
100	100	0.5	500	378	
100	100	0.5	900	219	
100	100	0.5	100	743	
100	100	0.5	500	528	
100	100	0.5	100	590	
100	100	0.5	500	316	
100	100	0.5	500	507	
100	100	0.5	100	855	
100	100	0.5	100	794	
100	100	0.5	500	621	
100	100	0.5	100	322	
100	100	0.5	500	125	
100	100	0.5	100	960	
100	100	0.5	500	543	
100	100	0.5	900	134	
100	100	0.5	900	938	
100	100	0.5	500	880	
100	100	0.5	100	439	
100	100	0.5	500	405	
100	100	0.5	500	161	
100	100	0.5	900	441	
100	100	0.5	900	529	
100	100	0.5	900	218	
100	100	0.5	500	104	
100	100	0.5	500	531	
100	100	0.5	900	947	
100	100	0.5	100	496	
100	100	0.5	100	856	
100	100	0.5	100	497	
100	100	0.5	100	869	
100	100	0.5	500	663	
100	100	0.5	500	400	
100	100	0.5	900	113	
100	100	0.5	500	627	
100	100	0.5	500	607	
100	100	0.5	500	955	
100	100	0.5	900	981	
100	100	0.5	900	380	
100	100	0.5	100	598	
100	100	0.5	500	897	
100	100	0.5	500	58	
100	100	0.5	100	66	
100	100	0.5	100	160	
100	100	0.5	900	609	
100	100	0.5	100	480	
100	100	0.5	500	680	
100	100	0.5	500	260	
100	100	0.5	500	504	
100	100	0.5	500	79	
100	100	0.5	500	4	
100	100	0.5	100	859	
100	100	0.5	900	104	
100	100	0.5	500	519	
100	100	0.5	500	49	
100	100	0.5	100	97	
100	100	0.5	500	415	
100	100	0.5	900	692	
100	100	0.5	500	658	
100	100	0.5	500	712	
100	100	0.5	900	895	
100	100	0.5	100	444	
100	100	0.5	900	90	
100	100	0.5	500	269	
100	100	0.5	900	884	
100	100	0.5	100	51	
100	100	0.5	100	407	
100	100	0.5	500	490	
100	100	0.5	500	147	
100	100	0.5	500	671	
100	100	0.5	900	365	
100	100	0.5	500	211	
100	100	0.5	500	449	
100	100	0.5	900	881	
100	100	0.5	900	275	
100	100	0.5	900	31	
100	100	0.5	500	535	
100	100	0.5	900	741	
100	100	0.5	100	991	
100	100	0.5	500	272	
100	100	0.5	900	654	
100	100	0.5	100	139	
100	100	0.5	900	877	
100	100	0.5	500	80	
100	100	0.5	900	194	
100	100	0.5	500	679	
100	100	0.5	500	343	
100	100	0.5	500	591	
100	100	0.5	100	158	
100	100	0.5	900	899	
100	100	0.5	100	44	
100	100	0.5	500	945	
100	100	0.5	900	499	
100	100	0.5	100	106	
100	100	0.5	900	650	
100	100	0.5	100	125	
100	100	0.5	500	851	
100	100	0.5	100	777	
100	100	0.5	500	165	
100	100	0.5	100	140	
100	100	0.5	500	481	
100	100	0.5	900	673	
100	100	0.5	100	338	
100	100	0.5	900	167	
100	100	0.5	100	819	
100	100	0.5	500	168	
100	100	0.5	900	769	
100	100	0.5	100	832	
100	100	0.5	900	496	
100	100	0.5	100	64	
100	100	0.5	900	283	
100	100	0.5	500	908	
100	100	0.5	100	640	
100	100	0.5	900	89	
100	100	0.5	900	231	
100	100	0.5	100	910	
100	100	0.5	900	108	
100	100	0.5	500	67	
100	100	0.5	100	920	
100	100	0.5	100	511	
100	100	0.5	900	54	
100	100	0.5	500	414	
100	100	0.5	900	734	
100	100	0.5	500	629	
100	100	0.5	100	988	
100	100	0.5	500	815	
100	100	0.5	100	947	
100	100	0.5	500	172	
100	100	0.5	900	793	
100	100	0.5	500	408	
100	100	0.5	500	769	
100	100	0.5	900	382	
100	100	0.5	500	758	
100	100	0.5	900	38	
100	100	0.5	500	864	
100	100	0.5	500	713	
100	100	0.5	500	701	
100	100	0.5	900	575	
100	100	0.5	100	132	
100	100	0.5	900	287	
100	100	0.5	500	182	
100	100	0.5	500	146	
100	100	0.5	900	384	
100	100	0.5	900	684	
100	100	0.5	500	598	
100	100	0.5	900	247	
100	100	0.5	100	341	
100	100	0.5	100	279	
100	100	0.5	500	568	
100	100	0.5	100	687	
100	100	0.5	500	420	
100	100	0.5	100	504	
100	100	0.5	900	67	
100	100	0.5	100	700	
100	100	0.5	100	185	
100	100	0.5	900	848	
100	100	0.5	900	745	
100	100	0.5	100	980	
100	100	0.5	500	536	
100	100	0.5	100	53	
100	100	0.5	100	396	
100	100	0.5	100	935	
100	100	0.5	500	16	
100	100	0.5	900	91	
100	100	0.5	900	701	
100	100	0.5	900	748	
100	100	0.5	900	601	
100	100	0.5	100	42	
100	100	0.5	900	456	
100	100	0.5	900	192	
100	100	0.5	900	983	
100	100	0.5	100	76	
100	100	0.5	100	434	
100	100	0.5	500	813	
100	100	0.5	500	390	
100	100	0.5	100	52	
100	100	0.5	100	15	
100	100	0.5	900	737	
100	100	0.5	500	68	
100	100	0.5	900	132	
100	100	0.5	500	33	
100	100	0.5	900	620	
100	100	0.5	500	460	
100	100	0.5	500	421	
100	100	0.5	900	58	
100	100	0.5	100	932	
100	100	0.5	500	196	
100	100	0.5	900	286	
100	100	0.5	500	239	
100	100	0.5	900	98	
100	100	0.5	900	22	
100	100	0.5	100	312	
100	100	0.5	500	592	
100	100	0.5	100	242	
100	100	0.5	100	683	
100	100	0.5	100	733	
100	100	0.5	100	152	
100	100	0.5	100	300	
100	100	0.5	100	601	
100	100	0.5	500	201	
100	100	0.5	100	745	
100	100	0.5	900	199	
100	100	0.5	900	478	
100	100	0.5	500	310	
100	100	0.5	900	82	
100	100	0.5	500	544	
100	100	0.5	500	270	
100	100	0.5	900	265	
100	100	0.5	100	267	
100	100	0.5	100	812	
100	100	0.5	900	941	
100	100	0.5	500	832	
100	100	0.5	500	5	
100	100	0.5	100	27	
100	100	0.5	100	361	
100	100	0.5	100	516	
100	100	0.5	900	105	
100	100	0.5	500	727	
100	100	0.5	500	368	
100	100	0.5	900	819	
100	100	0.5	900	662	
100	100	0.5	900	642	
100	100	0.5	900	776	
100	100	0.5	100	61	
100	100	0.5	900	135	
100	100	0.5	100	881	
100	100	0.5	900	438	
100	100	0.5	900	545	
100	100	0.5	500	691	
100	100	0.5	100	616	
100	100	0.5	100	749	
100	100	0.5	100	579	
100	100	0.5	900	551	
100	100	0.5	900	296	
100	100	0.5	100	362	
100	100	0.5	900	341	
100	100	0.5	100	789	
100	100	0.5	100	374	
100	100	0.5	500	177	
100	100	0.5	100	633	
100	100	0.5	100	306	
100	100	0.5	500	255	
100	100	0.5	900	6	
100	100	0.5	500	793	
100	100	0.5	100	368	
100	100	0.5	500	808	
100	100	0.5	900	340	
100	100	0.5	100	275	
100	100	0.5	900	858	
100	100	0.5	500	384	
100	100	0.5	900	226	
100	100	0.5	900	246	
100	100	0.5	900	251	
100	100	0.5	500	946	
100	100	0.5	100	320	
100	100	0.5	100	783	
100	100	0.5	900	335	
100	100	0.5	500	286	
100	100	0.5	900	649	
100	100	0.5	100	896	
100	100	0.5	100	802	
100	100	0.5	500	654	
100	100	0.5	100	839	
100	100	0.5	900	510	
100	100	0.5	900	159	
100	100	0.5	100	997	
100	100	0.5	500	941	
100	100	0.5	900	230	
100	100	0.5	100	289	
100	100	0.5	500	433	
100	100	0.5	900	297	
100	100	0.5	100	460	
100	100	0.5	900	929	
100	100	0.5	900	970	
100	100	0.5	100	702	
100	100	0.5	100	375	
100	100	0.5	500	804	
100	100	0.5	900	41	
100	100	0.5	900	126	
100	100	0.5	100	971	
100	100	0.5	900	896	
100	100	0.5	100	763	
100	100	0.5	100	724	
100	100	0.5	500	957	
100	100	0.5	100	507	
100	100	0.5	100	979	
100	100	0.5	500	179	
100	100	0.5	900	389	
100	100	0.5	900	801	
100	100	0.5	100	902	
100	100	0.5	900	632	
100	100	0.5	100	566	
100	100	0.5	500	314	
100	100	0.5	100	575	
100	100	0.5	100	728	
100	100	0.5	500	25	
100	100	0.5	100	274	
100	100	0.5	500	980	
100	100	0.5	900	211	
100	100	0.5	900	185	
100	100	0.5	500	909	
100	100	0.5	100	523	
100	100	0.5	500	970	
100	100	0.5	900	274	
100	100	0.5	100	732	
100	100	0.5	900	71	
100	100	0.5	500	806	
100	100	0.5	500	640	
100	100	0.5	900	605	
100	100	0.5	500	136	
100	100	0.5	100	785	
100	100	0.5	100	973	
100	100	0.5	100	790	
100	100	0.5	500	647	
100	100	0.5	100	438	
100	100	0.5	100	308	
100	100	0.5	500	894	
100	100	0.5	100	596	
100	100	0.5	900	258	
100	100	0.5	100	348	
100	100	0.5	500	164	
100	100	0.5	900	74	
100	100	0.5	500	774	
100	100	0.5	500	690	
100	100	0.5	100	225	
100	100	0.5	100	719	
100	100	0.5	100	188	
100	100	0.5	900	165	
100	100	0.5	900	672	
100	100	0.5	500	195	
100	100	0.5	900	706	
100	100	0.5	900	449	
100	100	0.5	900	954	
100	100	0.5	500	512	
100	100	0.5	900	621	
100	100	0.5	100	168	
100	100	0.5	900	202	
100	100	0.5	900	260	
100	100	0.5	900	574	
100	100	0.5	100	715	
100	100	0.5	500	366	
100	100	0.5	100	246	
100	100	0.5	500	143	
100	100	0.5	100	415	
100	100	0.5	900	705	
100	100	0.5	500	348	
100	100	0.5	100	222	
100	100	0.5	900	952	
100	100	0.5	900	757	
100	100	0.5	500	794	
100	100	0.5	900	902	
100	100	0.5	500	820	
100	100	0.5	500	30	
100	100	0.5	900	46	
100	100	0.5	500	933	
100	100	0.5	500	279	
100	100	0.5	900	507	
100	100	0.5	500	258	
100	100	0.5	100	387	
100	100	0.5	900	547	
100	100	0.5	900	498	
100	100	0.5	900	864	
100	100	0.5	500	960	
100	100	0.5	500	791	
100	100	0.5	500	87	
100	100	0.5	100	529	
100	100	0.5	900	450	
100	100	0.5	100	328	
100	100	0.5	900	484	
100	100	0.5	100	163	
100	100	0.5	500	225	
100	100	0.5	500	657	
100	100	0.5	900	36	
100	100	0.5	900	362	
100	100	0.5	900	841	
100	100	0.5	500	402	
100	100	0.5	900	376	
100	100	0.5	100	131	
100	100	0.5	500	151	
100	100	0.5	500	6	
100	100	0.5	500	397	
100	100	0.5	900	854	
100	100	0.5	900	452	
100	100	0.5	100	729	
100	100	0.5	500	630	
100	100	0.5	100	494	
100	100	0.5	900	965	
100	100	0.5	500	644	
100	100	0.5	100	205	
100	100	0.5	900	75	
100	100	0.5	100	757	
100	100	0.5	500	826	
100	100	0.5	900	814	
100	100	0.5	100	653	
100	100	0.5	900	852	
100	100	0.5	900	761	
100	100	0.5	100	433	
100	100	0.5	900	577	
100	100	0.5	900	935	
100	100	0.5	100	10	
100	100	0.5	500	714	
100	100	0.5	500	797	
100	100	0.5	500	475	
100	100	0.5	500	322	
100	100	0.5	900	492	
100	100	0.5	500	28	
100	100	0.5	500	382	
100	100	0.5	500	155	
100	100	0.5	900	344	
100	100	0.5	900	172	
100	100	0.5	900	379	
100	100	0.5	100	605	
100	100	0.5	900	421	
100	100	0.5	500	748	
100	100	0.5	900	722	
100	100	0.5	900	623	
100	100	0.5	100	708	
100	100	0.5	100	540	
100	100	0.5	500	989	
100	100	0.5	500	482	
100	100	0.5	500	787	
100	100	0.5	100	435	
100	100	0.5	500	478	
100	100	0.5	100	542	
100	100	0.5	900	898	
100	100	0.5	100	876	
100	100	0.5	900	3	
100	100	0.5	500	876	
100	100	0.5	100	382	
100	100	0.5	500	178	
100	100	0.5	900	68	
100	100	0.5	500	194	
100	100	0.5	500	639	
100	100	0.5	900	613	
100	100	0.5	900	453	
100	100	0.5	100	68	
100	100	0.5	900	553	
100	100	0.5	100	738	
100	100	0.5	500	315	
100	100	0.5	500	214	
100	100	0.5	500	725	
100	100	0.5	900	115	
100	100	0.5	100	509	
100	100	0.5	100	344	
100	100	0.5	500	858	
100	100	0.5	500	646	
100	100	0.5	500	887	
100	100	0.5	900	515	
100	100	0.5	500	781	
100	100	0.5	900	479	
100	100	0.5	900	804	
100	100	0.5	500	383	
100	100	0.5	900	233	
100	100	0.5	500	954	
100	100	0.5	100	108	
100	100	0.5	500	393	
100	100	0.5	500	626	
100	100	0.5	500	672	
100	100	0.5	500	779	
100	100	0.5	100	551	
100	100	0.5	500	882	
100	100	0.5	500	180	
100	100	0.5	100	100	
100	100	0.5	500	330	
100	100	0.5	500	925	
100	100	0.5	900	403	
100	100	0.5	100	45	
100	100	0.5	500	524	
100	100	0.5	100	257	
100	100	0.5	100	18	
100	100	0.5	100	339	
100	100	0.5	100	107	
100	100	0.5	100	944	
100	100	0.5	500	951	
100	100	0.5	900	157	
100	100	0.5	100	422	
100	100	0.5	500	964	
100	100	0.5	500	204	
100	100	0.5	900	789	
100	100	0.5	900	203	
100	100	0.5	100	141	
100	100	0.5	500	965	
100	100	0.5	100	761	
100	100	0.5	500	973	
100	100	0.5	100	929	
100	100	0.5	100	347	
100	100	0.5	900	599	
100	100	0.5	100	356	
100	100	0.5	500	944	
100	100	0.5	500	943	
100	100	0.5	900	641	
100	100	0.5	500	600	
100	100	0.5	900	285	
100	100	0.5	900	402	
100	100	0.5	100	752	
100	100	0.5	900	927	
100	100	0.5	100	199	
100	100	0.5	500	72	
100	100	0.5	900	315	
100	100	0.5	900	44	
100	100	0.5	100	857	
100	100	0.5	900	516	
100	100	0.5	500	878	
100	100	0.5	900	835	
100	100	0.5	900	15	
100	100	0.5	500	340	
100	100	0.5	100	948	
100	100	0.5	500	902	
100	100	0.5	100	887	
100	100	0.5	100	62	
100	100	0.5	500	55	
100	100	0.5	500	923	
100	100	0.5	100	69	
100	100	0.5	100	878	
100	100	0.5	100	491	
100	100	0.5	900	26	
100	100	0.5	100	36	
100	100	0.5	900	913	
100	100	0.5	900	729	
100	100	0.5	500	38	
100	100	0.5	900	648	
100	100	0.5	500	773	
100	100	0.5	900	14	
100	100	0.5	100	490	
100	100	0.5	500	249	
100	100	0.5	500	207	
100	100	0.5	900	237	
100	100	0.5	500	226	
100	100	0.5	500	642	
100	100	0.5	500	320	
100	100	0.5	100	965	
100	100	0.5	500	163	
100	100	0.5	900	269	
100	100	0.5	100	834	
100	100	0.5	900	651	
100	100	0.5	500	673	
100	100	0.5	900	824	
100	100	0.5	100	668	
100	100	0.5	100	888	
100	100	0.5	100	142	
100	100	0.5	500	505	
100	100	0.5	900	123	
100	100	0.5	900	564	
100	100	0.5	500	698	
100	100	0.5	100	639	
100	100	0.5	900	350	
100	100	0.5	900	892	
100	100	0.5	500	355	
100	100	0.5	900	5	
100	100	0.5	500	697	
100	100	0.5	500	357	
100	100	0.5	900	393	
100	100	0.5	100	1000	
100	100	0.5	100	405	
100	100	0.5	900	467	
100	100	0.5	900	758	
100	100	0.5	900	378	
100	100	0.5	100	420	
100	100	0.5	900	573	
100	100	0.5	500	765	
100	100	0.5	500	170	
100	100	0.5	900	839	
100	100	0.5	500	732	
100	100	0.5	500	473	
100	100	0.5	900	782	
100	100	0.5	500	257	
100	100	0.5	900	342	
100	100	0.5	900	168	
100	100	0.5	500	353	
100	100	0.5	500	109	
100	100	0.5	100	194	
100	100	0.5	900	477	
100	100	0.5	500	618	
100	100	0.5	100	791	
100	100	0.5	500	924	
100	100	0.5	100	697	
100	100	0.5	500	790	
100	100	0.5	100	527	
100	100	0.5	100	485	
100	100	0.5	100	34	
100	100	0.5	500	753	
100	100	0.5	500	789	
100	100	0.5	900	448	
100	100	0.5	500	879	
100	100	0.5	500	624	
100	100	0.5	500	480	
100	100	0.5	100	692	
100	100	0.5	500	525	
100	100	0.5	900	347	
100	100	0.5	500	599	
100	100	0.5	500	800	
100	100	0.5	500	213	
100	100	0.5	900	24	
100	100	0.5	100	452	
100	100	0.5	900	180	
100	100	0.5	900	530	
100	100	0.5	500	407	
100	100	0.5	900	558	
100	100	0.5	100	955	
100	100	0.5	100	403	
100	100	0.5	100	392	
100	100	0.5	100	90	
100	100	0.5	900	830	
100	100	0.5	900	598	
100	100	0.5	500	224	
100	100	0.5	900	611	
100	100	0.5	500	940	
100	100	0.5	500	90	
100	100	0.5	900	277	
100	100	0.5	900	822	
100	100	0.5	100	587	
100	100	0.5	100	537	
100	100	0.5	100	846	
100	100	0.5	100	826	
100	100	0.5	900	816	
100	100	0.5	100	530	
100	100	0.5	500	538	
100	100	0.5	500	665	
100	100	0.5	900	143	
100	100	0.5	100	508	
100	100	0.5	500	242	
100	100	0.5	100	775	
100	100	0.5	900	524	
100	100	0.5	100	825	
100	100	0.5	900	225	
100	100	0.5	100	841	
100	100	0.5	100	526	
100	100	0.5	900	517	
100	100	0.5	500	834	
100	100	0.5	500	831	
100	100	0.5	900	924	
100	100	0.5	100	998	
100	100	0.5	900	717	
100	100	0.5	100	993	
100	100	0.5	100	294	
100	100	0.5	900	920	
100	100	0.5	900	521	
100	100	0.5	100	974	
100	100	0.5	500	50	
100	100	0.5	100	29	
100	100	0.5	100	895	
100	100	0.5	900	871	
100	100	0.5	100	447	
100	100	0.5	900	110	
100	100	0.5	900	875	
100	100	0.5	500	19	
100	100	0.5	900	284	
100	100	0.5	100	264	
100	100	0.5	900	220	
100	100	0.5	900	727	
100	100	0.5	100	379	
100	100	0.5	500	915	
100	100	0.5	100	431	
100	100	0.5	900	570	
100	100	0.5	100	327	
100	100	0.5	500	362	
100	100	0.5	100	122	
100	100	0.5	500	429	
100	100	0.5	100	798	
100	100	0.5	100	412	
100	100	0.5	100	862	
100	100	0.5	100	334	
100	100	0.5	100	577	
100	100	0.5	900	631	
100	100	0.5	100	410	
100	100	0.5	900	993	
100	100	0.5	900	146	
100	100	0.5	900	842	
100	100	0.5	900	371	
100	100	0.5	500	241	
100	100	0.5	100	174	
100	100	0.5	100	58	
100	100	0.5	500	254	
100	100	0.5	100	467	
100	100	0.5	900	670	
100	100	0.5	100	85	
100	100	0.5	500	184	
100	100	0.5	500	410	
100	100	0.5	100	759	
100	100	0.5	100	810	
100	100	0.5	100	453	
100	100	0.5	100	353	
100	100	0.5	500	100	
100	100	0.5	900	81	
100	100	0.5	500	550	
100	100	0.5	100	613	
100	100	0.5	100	517	
100	100	0.5	900	838	
100	100	0.5	100	942	
100	100	0.5	900	189	
100	100	0.5	900	679	
100	100	0.5	100	319	
100	100	0.5	500	22	
100	100	0.5	100	966	
100	100	0.5	900	358	
100	100	0.5	900	250	
100	100	0.5	100	265	
100	100	0.5	500	186	
100	100	0.5	900	53	
100	100	0.5	500	1000	
100	100	0.5	900	388	
100	100	0.5	500	991	
100	100	0.5	100	875	
100	100	0.5	100	429	
100	100	0.5	500	24	
100	100	0.5	900	878	
100	100	0.5	500	309	
100	100	0.5	900	144	
100	100	0.5	100	778	
100	100	0.5	500	324	
100	100	0.5	900	637	
100	100	0.5	900	760	
100	100	0.5	100	363	
100	100	0.5	500	115	
100	100	0.5	100	606	
100	100	0.5	900	80	
100	100	0.5	900	933	
100	100	0.5	900	411	
100	100	0.5	100	782	
100	100	0.5	500	984	
100	100	0.5	100	525	
100	100	0.5	100	369	
100	100	0.5	900	462	
100	100	0.5	500	426	
100	100	0.5	500	447	
100	100	0.5	500	838	
100	100	0.5	900	559	
100	100	0.5	500	416	
100	100	0.5	900	546	
100	100	0.5	100	317	
100	100	0.5	500	251	
100	100	0.5	500	240	
100	100	0.5	900	306	
100	100	0.5	900	493	
100	100	0.5	900	299	
100	100	0.5	900	552	
100	100	0.5	100	227	
100	100	0.5	500	271	
100	100	0.5	500	759	
100	100	0.5	100	144	
100	100	0.5	900	595	
100	100	0.5	900	972	
100	100	0.5	100	25	
100	100	0.5	100	658	
100	100	0.5	500	700	
100	100	0.5	500	801	
100	100	0.5	900	173	
100	100	0.5	500	677	
100	100	0.5	500	799	
100	100	0.5	500	937	
100	100	0.5	100	133	
100	100	0.5	900	112	
100	100	0.5	900	279	
100	100	0.5	900	797	
100	100	0.5	900	556	
100	100	0.5	900	17	
100	100	0.5	100	913	
100	100	0.5	100	17	
100	100	0.5	500	863	
100	100	0.5	500	112	
100	100	0.5	100	686	
100	100	0.5	100	115	
100	100	0.5	900	581	
100	100	0.5	100	283	
100	100	0.5	500	287	
100	100	0.5	900	718	
100	100	0.5	100	130	
100	100	0.5	100	355	
100	100	0.5	100	672	
100	100	0.5	100	539	
100	100	0.5	100	310	
100	100	0.5	900	805	
100	100	0.5	500	952	
100	100	0.5	500	453	
100	100	0.5	900	290	
100	100	0.5	500	987	
100	100	0.5	900	563	
100	100	0.5	900	213	
100	100	0.5	500	349	
100	100	0.5	900	103	
100	100	0.5	900	242	
100	100	0.5	100	323	
100	100	0.5	900	894	
100	100	0.5	900	569	
100	100	0.5	900	975	
100	100	0.5	500	223	
100	100	0.5	100	311	
100	100	0.5	500	41	
100	100	0.5	900	788	
100	100	0.5	500	764	
100	100	0.5	900	175	
100	100	0.5	500	736	
100	100	0.5	900	45	
100	100	0.5	500	440	
100	100	0.5	900	774	
100	100	0.5	900	883	
100	100	0.5	500	411	
100	100	0.5	100	184	
100	100	0.5	500	687	
100	100	0.5	900	236	
100	100	0.5	900	391	
100	100	0.5	500	564	
100	100	0.5	500	289	
100	100	0.5	500	534	
100	100	0.5	500	302	
100	100	0.5	900	413	
100	100	0.5	100	401	
100	100	0.5	900	537	
100	100	0.5	100	742	
100	100	0.5	500	169	
100	100	0.5	100	463	
100	100	0.5	100	359	
100	100	0.5	100	426	
100	100	0.5	900	681	
100	100	0.5	100	691	
100	100	0.5	900	414	
100	100	0.5	100	479	
100	100	0.5	100	470	
100	100	0.5	100	694	
100	100	0.5	100	101	
100	100	0.5	900	282	
100	100	0.5	500	313	
100	100	0.5	900	505	
100	100	0.5	500	110	
100	100	0.5	900	400	
100	100	0.5	900	152	
100	100	0.5	100	150	
100	100	0.5	900	292	
100	100	0.5	900	976	
100	100	0.5	500	280	
100	100	0.5	500	661	
100	100	0.5	900	712	
100	100	0.5	500	200	
100	100	0.5	100	536	
100	100	0.5	900	876	
100	100	0.5	100	390	
100	100	0.5	500	282	
100	100	0.5	900	676	
100	100	0.5	900	767	
100	100	0.5	500	118	
100	100	0.5	500	298	
100	100	0.5	500	545	
100	100	0.5	100	903	
100	100	0.5	500	432	
100	100	0.5	900	48	
100	100	0.5	500	783	
100	100	0.5	100	486	
100	100	0.5	100	769	
100	100	0.5	500	998	
100	100	0.5	500	884	
100	100	0.5	500	622	
100	100	0.5	100	83	
100	100	0.5	100	747	
100	100	0.5	100	666	
100	100	0.5	900	431	
100	100	0.5	500	317	
100	100	0.5	900	369	
100	100	0.5	900	825	
100	100	0.5	100	402	
100	100	0.5	100	544	
100	100	0.5	500	351	
100	100	0.5	500	976	
100	100	0.5	500	768	
100	100	0.5	100	984	
100	100	0.5	100	14	
100	100	0.5	500	323	
100	100	0.5	100	945	
100	100	0.5	100	340	
100	100	0.5	100	805	
100	100	0.5	100	2	
100	100	0.5	100	900	
100	100	0.5	900	360	
100	100	0.5	100	801	
100	100	0.5	500	997	
100	100	0.5	900	305	
100	100	0.5	500	821	
100	100	0.5	900	263	
100	100	0.5	100	956	
100	100	0.5	100	63	
100	100	0.5	500	425	
100	100	0.5	100	305	
100	100	0.5	500	445	
100	100	0.5	500	830	
100	100	0.5	500	574	
100	100	0.5	500	284	
100	100	0.5	900	150	
100	100	0.5	100	804	
100	100	0.5	100	823	
100	100	0.5	900	252	
100	100	0.5	100	187	
100	100	0.5	500	609	
100	100	0.5	100	813	
100	100	0.5	500	514	
100	100	0.5	900	314	
100	100	0.5	900	29	
100	100	0.5	100	484	
100	100	0.5	500	256	
100	100	0.5	100	12	
100	100	0.5	500	911	
100	100	0.5	500	436	
100	100	0.5	500	623	
100	100	0.5	100	884	
100	100	0.5	900	948	
100	100	0.5	100	235	
100	100	0.5	100	999	
100	100	0.5	500	181	
100	100	0.5	500	848	
100	100	0.5	100	604	
100	100	0.5	900	420	
100	100	0.5	100	546	
100	100	0.5	500	956	
100	100	0.5	100	193	
100	100	0.5	500	83	
100	100	0.5	100	545	
100	100	0.5	500	918	
100	100	0.5	900	593	
100	100	0.5	500	283	
100	100	0.5	100	298	
100	100	0.5	900	615	
100	100	0.5	100	630	
100	100	0.5	100	990	
100	100	0.5	500	638	
100	100	0.5	100	582	
100	100	0.5	900	324	
100	100	0.5	900	372	
100	100	0.5	900	418	
100	100	0.5	500	486	
100	100	0.5	100	179	
100	100	0.5	100	30	
100	100	0.5	500	495	
100	100	0.5	100	892	
100	100	0.5	900	454	
100	100	0.5	900	490	
100	100	0.5	500	653	
100	100	0.5	900	294	
100	100	0.5	900	544	
100	100	0.5	100	567	
100	100	0.5	900	457	
100	100	0.5	900	917	
100	100	0.5	100	116	
100	100	0.5	900	66	
100	100	0.5	500	959	
100	100	0.5	500	337	
100	100	0.5	900	329	
100	100	0.5	100	840	
100	100	0.5	900	744	
100	100	0.5	500	361	
100	100	0.5	500	720	
100	100	0.5	100	206	
100	100	0.5	500	921	
100	100	0.5	900	235	
100	100	0.5	900	289	
100	100	0.5	100	216	
100	100	0.5	500	750	
100	100	0.5	100	153	
100	100	0.5	100	860	
100	100	0.5	100	866	
100	100	0.5	100	236	
100	100	0.5	900	984	
100	100	0.5	100	695	
100	100	0.5	900	310	
100	100	0.5	500	914	
100	100	0.5	500	587	
100	100	0.5	900	762	
100	100	0.5	100	208	
100	100	0.5	100	918	
100	100	0.5	100	151	
100	100	0.5	100	906	
100	100	0.5	500	533	
100	100	0.5	100	446	
100	100	0.5	900	77	
100	100	0.5	900	404	
100	100	0.5	900	969	
100	100	0.5	100	288	
100	100	0.5	500	818	
100	100	0.5	500	703	
100	100	0.5	100	885	
100	100	0.5	100	641	
100	100	0.5	500	371	
100	100	0.5	500	845	
100	100	0.5	500	365	
100	100	0.5	100	47	
100	100	0.5	100	145	
100	100	0.5	900	424	
100	100	0.5	100	212	
100	100	0.5	900	392	
100	100	0.5	100	67	
100	100	0.5	500	601	
100	100	0.5	900	579	
100	100	0.5	100	214	
100	100	0.5	100	574	
100	100	0.5	500	395	
100	100	0.5	900	255	
100	100	0.5	900	122	
100	100	0.5	500	431	
100	100	0.5	500	522	
100	100	0.5	100	92	
100	100	0.5	900	281	
100	100	0.5	100	445	
100	100	0.5	100	239	
100	100	0.5	500	44	
100	100	0.5	500	516	
100	100	0.5	100	611	
100	100	0.5	500	660	
100	100	0.5	900	482	
100	100	0.5	100	408	
100	100	0.5	100	209	
100	100	0.5	500	961	
100	100	0.5	900	295	
100	100	0.5	500	546	
100	100	0.5	500	962	
100	100	0.5	500	338	
100	100	0.5	100	864	
100	100	0.5	100	351	
100	100	0.5	100	91	
100	100	0.5	100	109	
100	100	0.5	900	204	
100	100	0.5	100	891	
100	100	0.5	100	522	
100	100	0.5	100	367	
100	100	0.5	900	713	
100	100	0.5	100	570	
100	100	0.5	500	263	
100	100	0.5	100	829	
100	100	0.5	100	316	
100	100	0.5	100	425	
100	100	0.5	500	321	
100	100	0.5	100	939	
100	100	0.5	900	995	
100	100	0.5	500	761	
100	100	0.5	900	931	
100	100	0.5	100	847	
100	100	0.5	900	437	
100	100	0.5	900	666	
100	100	0.5	100	712	
100	100	0.5	100	665	
100	100	0.5	500	185	
100	100	0.5	500	370	
100	100	0.5	500	144	
100	100	0.5	100	232	
100	100	0.5	900	238	
100	100	0.5	100	748	
100	100	0.5	500	929	
100	100	0.5	500	450	
100	100	0.5	900	694	
100	100	0.5	100	662	
100	100	0.5	100	977	
100	100	0.5	500	936	
100	100	0.5	500	578	
100	100	0.5	100	740	
100	100	0.5	100	254	
100	100	0.5	900	616	
100	100	0.5	900	730	
100	100	0.5	100	84	
100	100	0.5	500	503	
100	100	0.5	900	512	
100	100	0.5	500	668	
100	100	0.5	100	581	
100	100	0.5	500	69	
100	100	0.5	100	711	
100	100	0.5	500	17	
100	100	0.5	100	626	
100	100	0.5	500	837	
100	100	0.5	900	998	
100	100	0.5	100	698	
100	100	0.5	500	458	
100	100	0.5	900	661	
100	100	0.5	900	640	
100	100	0.5	100	919	
100	100	0.5	100	709	
100	100	0.5	100	879	
100	100	0.5	500	36	
100	100	0.5	500	212	
100	100	0.5	500	328	
100	100	0.5	500	290	
100	100	0.5	100	255	
100	100	0.5	100	951	
100	100	0.5	500	570	
100	100	0.5	500	988	
100	100	0.5	100	380	
100	100	0.5	100	597	
100	100	0.5	500	307	
100	100	0.5	100	645	
100	100	0.5	900	869	
100	100	0.5	100	923	
100	100	0.5	900	2	
100	100	0.5	100	457	
100	100	0.5	900	469	
100	100	0.5	900	831	
100	100	0.5	900	141	
100	100	0.5	100	858	
100	100	0.5	500	866	
100	100	0.5	100	176	
100	100	0.5	900	264	
100	100	0.5	100	585	
100	100	0.5	900	851	
100	100	0.5	500	157	
100	100	0.5	900	807	
100	100	0.5	500	132	
100	100	0.5	100	505	
100	100	0.5	900	280	
100	100	0.5	100	324	
100	100	0.5	900	461	
100	100	0.5	100	221	
100	100	0.5	100	411	
100	100	0.5	500	206	
100	100	0.5	500	606	
100	100	0.5	100	99	
100	100	0.5	100	503	
100	100	0.5	100	673	
100	100	0.5	900	900	
100	100	0.5	900	320	
100	100	0.5	900	195	
100	100	0.5	100	315	
100	100	0.5	900	201	
100	100	0.5	900	784	
100	100	0.5	500	702	
100	100	0.5	500	210	
100	100	0.5	900	21	
100	100	0.5	100	940	
100	100	0.5	500	230	
100	100	0.5	900	139	
100	100	0.5	900	111	
100	100	0.5	100	726	
100	100	0.5	900	751	
100	100	0.5	900	133	
100	100	0.5	900	857	
100	100	0.5	500	518	
100	100	0.5	500	683	
100	100	0.5	500	981	
100	100	0.5	100	557	
100	100	0.5	500	842	
100	100	0.5	900	148	
100	100	0.5	900	234	
100	100	0.5	100	502	
100	100	0.5	500	268	
100	100	0.5	100	642	
100	100	0.5	100	203	
100	100	0.5	500	651	
100	100	0.5	500	191	
100	100	0.5	100	937	
100	100	0.5	500	122	
100	100	0.5	100	827	
100	100	0.5	900	968	
100	100	0.5	500	590	
100	100	0.5	900	958	
100	100	0.5	500	190	
100	100	0.5	900	707	
100	100	0.5	100	318	
100	100	0.5	100	258	
100	100	0.5	500	20	
100	100	0.5	500	666	
100	100	0.5	900	468	
100	100	0.5	900	140	
100	100	0.5	500	904	
100	100	0.5	500	57	
100	100	0.5	900	548	
100	100	0.5	500	238	
100	100	0.5	500	336	
100	100	0.5	900	773	
100	100	0.5	500	234	
100	100	0.5	100	766	
100	100	0.5	100	192	
100	100	0.5	100	872	
100	100	0.5	900	463	
100	100	0.5	500	34	
100	100	0.5	500	64	
100	100	0.5	100	404	
100	100	0.5	500	459	
100	100	0.5	900	967	
100	100	0.5	500	138	
100	100	0.5	900	177	
100	100	0.5	900	604	
100	100	0.5	100	621	
100	100	0.5	500	912	
100	100	0.5	900	62	
100	100	0.5	500	149	
100	100	0.5	900	100	
100	100	0.5	100	976	
100	100	0.5	100	871	
100	100	0.5	500	205	
100	100	0.5	900	466	
100	100	0.5	500	704	
100	100	0.5	900	986	
100	100	0.5	100	521	
100	100	0.5	500	354	
100	100	0.5	500	252	
100	100	0.5	100	272	
100	100	0.5	100	659	
100	100	0.5	500	32	
100	100	0.5	900	526	
100	100	0.5	100	336	
100	100	0.5	500	65	
100	100	0.5	100	330	
100	100	0.5	900	501	
100	100	0.5	900	978	
100	100	0.5	500	7	
100	100	0.5	900	198	
100	100	0.5	100	638	
100	100	0.5	100	360	
100	100	0.5	500	798	
100	100	0.5	100	693	
100	100	0.5	500	247	
100	100	0.5	100	333	
100	100	0.5	500	438	
100	100	0.5	100	7	
100	100	0.5	500	293	
100	100	0.5	900	664	
100	100	0.5	100	889	
100	100	0.5	500	856	
100	100	0.5	100	764	
100	100	0.5	900	560	
100	100	0.5	900	485	
100	100	0.5	100	699	
100	100	0.5	500	199	
100	100	0.5	100	560	
100	100	0.5	100	201	
100	100	0.5	500	52	
100	100	0.5	900	886	
100	100	0.5	900	278	
100	100	0.5	500	632	
100	100	0.5	500	435	
100	100	0.5	100	307	
100	100	0.5	500	869	
100	100	0.5	100	207	
100	100	0.5	100	994	
100	100	0.5	100	969	
100	100	0.5	900	636	
100	100	0.5	500	73	
100	100	0.5	900	370	
100	100	0.5	100	233	
100	100	0.5	900	1	
100	100	0.5	900	716	
100	100	0.5	100	657	
100	100	0.5	100	592	
100	100	0.5	900	702	
100	100	0.5	900	85	
100	100	0.5	900	395	
100	100	0.5	900	821	
100	100	0.5	500	814	
100	100	0.5	900	919	
100	100	0.5	500	593	
100	100	0.5	500	85	
100	100	0.5	900	942	
100	100	0.5	900	812	
100	100	0.5	900	584	
100	100	0.5	900	51	
100	100	0.5	500	387	
100	100	0.5	100	73	
100	100	0.5	500	173	
100	100	0.5	900	607	
100	100	0.5	500	728	
100	100	0.5	900	169	
100	100	0.5	500	542	
100	100	0.5	500	130	
100	100	0.5	100	674	
100	100	0.5	100	296	
100	100	0.5	100	400	
100	100	0.5	500	786	
100	100	0.5	500	276	
100	100	0.5	100	943	
100	100	0.5	900	590	
100	100	0.5	900	216	
100	100	0.5	100	135	
100	100	0.5	100	632	
100	100	0.5	900	680	
100	100	0.5	100	701	
100	100	0.5	100	669	
100	100	0.5	900	586	
100	100	0.5	900	506	
100	100	0.5	500	760	
100	100	0.5	900	596	
100	100	0.5	100	704	
100	100	0.5	100	629	
100	100	0.5	900	513	
100	100	0.5	900	912	
100	100	0.5	500	356	
100	100	0.5	900	34	
100	100	0.5	500	711	
100	100	0.5	900	823	
100	100	0.5	100	469	
100	100	0.5	100	157	
100	100	0.5	500	612	
100	100	0.5	900	227	
100	100	0.5	900	307	
100	100	0.5	900	791	
100	100	0.5	900	663	
100	100	0.5	900	28	
100	100	0.5	500	552	
100	100	0.5	900	390	
100	100	0.5	500	492	
100	100	0.5	500	805	
100	100	0.5	100	513	
100	100	0.5	900	959	
100	100	0.5	100	182	
100	100	0.5	100	588	
100	100	0.5	900	567	
100	100	0.5	500	974	
100	100	0.5	900	778	
100	100	0.5	500	948	
100	100	0.5	500	311	
100	100	0.5	100	622	
100	100	0.5	100	927	
100	100	0.5	100	87	
100	100	0.5	100	462	
100	100	0.5	500	469	
100	100	0.5	900	301	
100	100	0.5	100	309	
100	100	0.5	900	381	
100	100	0.5	500	871	
100	100	0.5	900	88	
100	100	0.5	100	612	
100	100	0.5	100	40	
100	100	0.5	100	481	
100	100	0.5	500	771	
100	100	0.5	500	905	
100	100	0.5	100	905	
100	100	0.5	100	436	
100	100	0.5	900	668	
100	100	0.5	900	703	
100	100	0.5	100	690	
100	100	0.5	900	783	
100	100	0.5	900	183	
100	100	0.5	500	740	
100	100	0.5	500	917	
100	100	0.5	100	388	
100	100	0.5	900	13	
100	100	0.5	900	731	
100	100	0.5	100	524	
100	100	0.5	900	302	
100	100	0.5	500	922	
100	100	0.5	500	119	
100	100	0.5	900	859	
100	100	0.5	900	93	
100	100	0.5	500	969	
100	100	0.5	100	784	
100	100	0.5	900	10	
100	100	0.5	500	439	
100	100	0.5	100	655	
100	100	0.5	500	721	
100	100	0.5	100	181	
100	100	0.5	100	59	
100	100	0.5	500	584	
100	100	0.5	100	80	
100	100	0.5	100	303	
100	100	0.5	900	709	
100	100	0.5	900	406	
100	100	0.5	100	9	
100	100	0.5	900	906	
100	100	0.5	100	428	
100	100	0.5	900	460	
100	100	0.5	900	240	
100	100	0.5	100	56	
100	100	0.5	500	561	
100	100	0.5	500	380	
100	100	0.5	100	281	
100	100	0.5	100	925	
100	100	0.5	100	576	
100	100	0.5	500	423	
100	100	0.5	500	479	
100	100	0.5	500	454	
100	100	0.5	900	121	
100	100	0.5	500	285	
100	100	0.5	500	99	
100	100	0.5	900	377	
100	100	0.5	500	803	
100	100	0.5	500	53	
100	100	0.5	900	726	
100	100	0.5	500	367	
100	100	0.5	100	105	
100	100	0.5	100	949	
100	100	0.5	900	675	
100	100	0.5	500	345	
100	100	0.5	100	954	
100	100	0.5	500	75	
100	100	0.5	900	658	
100	100	0.5	500	29	
100	100	0.5	100	760	
100	100	0.5	500	767	
100	100	0.5	900	847	
100	100	0.5	900	1000	
100	100	0.5	900	555	
100	100	0.5	500	554	
100	100	0.5	100	432	
100	100	0.5	500	111	
100	100	0.5	500	187	
100	100	0.5	500	709	
100	100	0.5	900	695	
100	100	0.5	500	23	
100	100	0.5	900	270	
100	100	0.5	100	223	
100	100	0.5	900	163	
100	100	0.5	900	333	
100	100	0.5	100	1	
100	100	0.5	500	86	
100	100	0.5	500	881	
100	100	0.5	900	241	
100	100	0.5	900	439	
100	100	0.5	500	888	
100	100	0.5	100	126	
100	100	0.5	100	38	
100	100	0.5	100	39	
100	100	0.5	900	549	
100	100	0.5	500	288	
100	100	0.5	900	610	
100	100	0.5	900	417	
100	100	0.5	900	944	
100	100	0.5	100	628	
100	100	0.5	100	345	
100	100	0.5	100	459	
100	100	0.5	900	578	
100	100	0.5	500	667	
100	100	0.5	900	828	
100	100	0.5	900	151	
100	100	0.5	500	245	
100	100	0.5	500	670	
100	100	0.5	900	905	
100	100	0.5	900	427	
100	100	0.5	100	713	
100	100	0.5	900	922	
100	100	0.5	500	749	
100	100	0.5	900	536	
100	100	0.5	900	65	
100	100	0.5	900	124	
100	100	0.5	100	981	
100	100	0.5	500	344	
100	100	0.5	100	854	
100	100	0.5	500	352	
100	100	0.5	100	768	
100	100	0.5	900	562	
100	100	0.5	500	947	
100	100	0.5	100	55	
100	100	0.5	100	776	
100	100	0.5	100	510	
100	100	0.5	900	818	
100	100	0.5	100	391	
100	100	0.5	500	754	
100	100	0.5	500	105	
100	100	0.5	100	681	
100	100	0.5	900	689	
100	100	0.5	100	430	
100	100	0.5	500	718	
100	100	0.5	100	474	
100	100	0.5	500	216	
100	100	0.5	900	880	
100	100	0.5	100	916	
100	100	0.5	500	746	
100	100	0.5	900	625	
100	100	0.5	500	676	
100	100	0.5	500	620	
100	100	0.5	100	293	
100	100	0.5	100	620	
100	100	0.5	100	71	
100	100	0.5	900	682	
100	100	0.5	100	705	
100	100	0.5	100	120	
100	100	0.5	500	996	
100	100	0.5	100	357	
100	100	0.5	900	671	
100	100	0.5	900	678	
100	100	0.5	100	458	
100	100	0.5	100	617	
100	100	0.5	900	528	
100	100	0.5	500	517	
100	100	0.5	100	285	
100	100	0.5	100	50	
100	100	0.5	900	836	
100	100	0.5	900	59	
100	100	0.5	100	74	
100	100	0.5	900	95	
100	100	0.5	900	811	
100	100	0.5	500	827	
100	100	0.5	900	245	
100	100	0.5	900	351	
100	100	0.5	100	121	
100	100	0.5	100	959	
100	100	0.5	500	579	
100	100	0.5	500	470	
100	100	0.5	500	706	
100	100	0.5	500	926	
100	100	0.5	100	520	
100	100	0.5	500	724	
100	100	0.5	500	43	
100	100	0.5	900	39	
100	100	0.5	100	196	
100	100	0.5	500	903	
100	100	0.5	500	852	
100	100	0.5	500	139	
100	100	0.5	100	772	
100	100	0.5	100	256	
100	100	0.5	900	224	
100	100	0.5	100	957	
100	100	0.5	100	477	
100	100	0.5	100	870	
100	100	0.5	500	847	
100	100	0.5	900	914	
100	100	0.5	100	164	
100	100	0.5	500	873	
100	100	0.5	500	695	
100	100	0.5	100	295	
100	100	0.5	900	937	
100	100	0.5	900	665	
100	100	0.5	500	273	
100	100	0.5	900	849	
100	100	0.5	100	6	
100	100	0.5	500	62	
100	100	0.5	900	137	
100	100	0.5	100	413	
100	100	0.5	500	509	
100	100	0.5	900	11	
100	100	0.5	500	862	
100	100	0.5	100	112	
100	100	0.5	100	102	
100	100	0.5	900	415	
100	100	0.5	100	877	
100	100	0.5	100	26	
100	100	0.5	500	471	
100	100	0.5	900	866	
100	100	0.5	100	506	
100	100	0.5	500	277	
100	100	0.5	900	16	
100	100	0.5	900	447	
100	100	0.5	900	304	
100	100	0.5	500	515	
100	100	0.5	100	478	
100	100	0.5	500	465	
100	100	0.5	100	565	
100	100	0.5	900	214	
100	100	0.5	500	369	
100	100	0.5	500	573	
100	100	0.5	900	336	
100	100	0.5	900	785	
100	100	0.5	900	861	
100	100	0.5	900	502	
100	100	0.5	100	111	
100	100	0.5	900	853	
100	100	0.5	900	903	
100	100	0.5	900	249	
100	100	0.5	900	808	
100	100	0.5	900	130	
100	100	0.5	100	406	
100	100	0.5	500	729	
100	100	0.5	100	65	
100	100	0.5	900	626	
100	100	0.5	100	149	
100	100	0.5	900	363	
100	100	0.5	100	127	
100	100	0.5	900	86	
100	100	0.5	100	96	
100	100	0.5	900	759	
100	100	0.5	100	820	
100	100	0.5	900	156	
100	100	0.5	900	228	
100	100	0.5	500	896	
100	100	0.5	100	423	
100	100	0.5	500	297	
100	100	0.5	500	900	
100	100	0.5	500	42	
100	100	0.5	500	934	
100	100	0.5	900	999	
100	100	0.5	100	607	
100	100	0.5	100	473	
100	100	0.5	500	364	
100	100	0.5	900	35	
100	100	0.5	900	908	
100	100	0.5	500	730	
100	100	0.5	500	466	
100	100	0.5	100	615	
100	100	0.5	900	444	
100	100	0.5	900	587	
100	100	0.5	900	704	
100	100	0.5	100	562	
100	100	0.5	500	203	
100	100	0.5	900	293	
100	100	0.5	900	691	
100	100	0.5	500	867	
100	100	0.5	100	165	
100	100	0.5	900	32	
100	100	0.5	500	859	
100	100	0.5	900	129	
100	100	0.5	900	79	
100	100	0.5	100	437	
100	100	0.5	900	817	
100	100	0.5	500	494	
100	100	0.5	100	755	
100	100	0.5	500	817	
100	100	0.5	100	538	
100	100	0.5	900	874	
100	100	0.5	500	693	
100	100	0.5	900	742	
100	100	0.5	500	889	
100	100	0.5	500	682	
100	100	0.5	100	914	
100	100	0.5	100	183	
100	100	0.5	500	822	
100	100	0.5	500	835	
100	100	0.5	100	578	
100	100	0.5	100	603	
100	100	0.5	500	784	
100	100	0.5	900	495	
100	100	0.5	500	963	
100	100	0.5	500	994	
100	100	0.5	100	931	
100	100	0.5	500	208	
100	100	0.5	500	891	
100	100	0.5	100	325	
100	100	0.5	900	973	
100	100	0.5	100	277	
100	100	0.5	500	557	
100	100	0.5	500	419	
100	100	0.5	100	60	
100	100	0.5	100	148	
100	100	0.5	900	724	
100	100	0.5	500	89	
100	100	0.5	100	28	
100	100	0.5	100	492	
100	100	0.5	900	795	
100	100	0.5	500	233	
100	100	0.5	900	868	
100	100	0.5	900	645	
100	100	0.5	900	94	
100	100	0.5	900	419	
100	100	0.5	500	500	
100	100	0.5	900	56	
100	100	0.5	500	656	
100	100	0.5	900	288	
100	100	0.5	100	512	
100	100	0.5	900	550	
100	100	0.5	900	352	
100	100	0.5	100	992	
100	100	0.5	500	428	
100	100	0.5	900	355	
100	100	0.5	100	213	
100	100	0.5	900	781	
100	100	0.5	500	675	
100	100	0.5	500	129	
100	100	0.5	500	861	
100	100	0.5	100	197	
100	100	0.5	500	60	
100	100	0.5	100	421	
100	100	0.5	900	921	
100	100	0.5	100	376	
100	100	0.5	900	943	
100	100	0.5	900	542	
100	100	0.5	100	845	
100	100	0.5	100	594	
100	100	0.5	900	476	
100	100	0.5	900	356	
100	100	0.5	900	588	
100	100	0.5	100	816	
100	100	0.5	900	43	
100	100	0.5	100	266	
100	100	0.5	900	800	
100	100	0.5	900	754	
100	100	0.5	500	731	
100	100	0.5	500	396	
100	100	0.5	500	404	
100	100	0.5	900	964	
100	100	0.5	900	879	
100	100	0.5	900	25	
100	100	0.5	100	637	
100	100	0.5	900	519	
100	100	0.5	900	23	
100	100	0.5	900	618	
100	100	0.5	500	359	
100	100	0.5	900	925	
100	100	0.5	100	535	
100	100	0.5	900	311	
100	100	0.5	500	510	
100	100	0.5	500	865	
100	100	0.5	900	738	
100	100	0.5	500	412	
100	100	0.5	900	885	
100	100	0.5	100	661	
100	100	0.5	900	471	
100	100	0.5	500	694	
100	100	0.5	900	486	
100	100	0.5	900	397	
100	100	0.5	100	664	
100	100	0.5	100	684	
100	100	0.5	900	205	
100	100	0.5	900	909	
100	100	0.5	100	224	
100	100	0.5	100	498	
100	100	0.5	500	850	
100	100	0.5	500	669	
100	100	0.5	500	71	
100	100	0.5	900	248	
100	100	0.5	900	117	
100	100	0.5	900	732	
100	100	0.5	100	466	
100	100	0.5	100	464	
100	100	0.5	100	737	
100	100	0.5	900	474	
100	100	0.5	900	508	
100	100	0.5	100	286	
100	100	0.5	900	188	
100	100	0.5	500	567	
100	100	0.5	500	148	
100	100	0.5	900	210	
100	100	0.5	100	98	
100	100	0.5	100	967	
100	100	0.5	500	816	
100	100	0.5	500	98	
100	100	0.5	500	398	
100	100	0.5	100	787	
100	100	0.5	500	121	
100	100	0.5	100	72	
100	100	0.5	500	521	
100	100	0.5	500	295	
100	100	0.5	500	938	
100	100	0.5	500	785	
100	100	0.5	900	646	
100	100	0.5	900	262	
100	100	0.5	100	372	
100	100	0.5	100	234	
100	100	0.5	100	180	
100	100	0.5	500	372	
100	100	0.5	100	773	
100	100	0.5	100	651	
100	100	0.5	100	476	
100	100	0.5	100	549	
100	100	0.5	500	81	
100	100	0.5	100	440	
100	100	0.5	500	66	
100	100	0.5	900	723	
100	100	0.5	500	625	
100	100	0.5	500	967	
100	100	0.5	500	978	
100	100	0.5	900	971	
100	100	0.5	100	37	
100	100	0.5	500	264	
100	100	0.5	500	613	
100	100	0.5	100	893	
100	100	0.5	500	807	
100	100	0.5	900	674	
100	100	0.5	100	358	
100	100	0.5	900	775	
100	100	0.5	100	814	
100	100	0.5	100	532	
100	100	0.5	500	392	
100	100	0.5	500	296	
100	100	0.5	900	687	
100	100	0.5	900	829	
100	100	0.5	500	843	
100	100	0.5	900	70	
100	100	0.5	900	693	
100	100	0.5	100	384	
100	100	0.5	500	267	
100	100	0.5	100	644	
100	100	0.5	500	532	
100	100	0.5	100	31	
100	100	0.5	900	591	
100	100	0.5	500	588	
100	100	0.5	900	500	
100	100	0.5	900	412	
100	100	0.5	100	624	
100	100	0.5	500	141	
100	100	0.5	500	319	
100	100	0.5	900	934	
100	100	0.5	100	177	
100	100	0.5	100	636	
100	100	0.5	100	720	
100	100	0.5	900	887	
100	100	0.5	500	47	
100	100	0.5	500	659	
100	100	0.5	500	312	
100	100	0.5	100	746	
100	100	0.5	100	231	
100	100	0.5	500	901	
100	100	0.5	100	635	
100	100	0.5	900	488	
100	100	0.5	900	688	
100	100	0.5	100	868	
100	100	0.5	900	109	
100	100	0.5	900	316	
100	100	0.5	900	131	
100	100	0.5	100	166	
100	100	0.5	100	493	
100	100	0.5	900	872	
100	100	0.5	100	533	
100	100	0.5	100	883	
100	100	0.5	900	366	
100	100	0.5	900	873	
100	100	0.5	500	641	
100	100	0.5	500	637	
100	100	0.5	100	32	
100	100	0.5	900	261	
100	100	0.5	100	555	
100	100	0.5	500	126	
100	100	0.5	900	434	
100	100	0.5	100	13	
100	100	0.5	900	50	
100	100	0.5	500	209	
100	100	0.5	900	47	
100	100	0.5	500	530	
100	100	0.5	100	218	
100	100	0.5	500	56	
100	100	0.5	100	556	
100	100	0.5	100	287	
100	100	0.5	100	962	
100	100	0.5	500	127	
100	100	0.5	900	855	
100	100	0.5	500	696	
100	100	0.5	100	912	
100	100	0.5	900	149	
100	100	0.5	500	278	
100	100	0.5	100	678	
100	100	0.5	100	11	
100	100	0.5	500	986	
100	100	0.5	900	494	
100	100	0.5	500	634	
100	100	0.5	500	107	
100	100	0.5	500	427	
100	100	0.5	900	373	
100	100	0.5	500	489	
100	100	0.5	500	84	
100	100	0.5	500	811	
100	100	0.5	500	335	
100	100	0.5	900	387	
100	100	0.5	500	27	
100	100	0.5	500	560	
100	100	0.5	100	252	
100	100	0.5	100	608	
100	100	0.5	100	897	
100	100	0.5	500	102	
100	100	0.5	900	440	
100	100	0.5	900	602	
100	100	0.5	500	46	
100	100	0.5	500	350	
100	100	0.5	500	968	
100	100	0.5	100	987	
100	100	0.5	900	106	
100	100	0.5	900	345	
100	100	0.5	500	137	
100	100	0.5	500	37	
100	100	0.5	900	313	
100	100	0.5	900	865	
100	100	0.5	100	573	
100	100	0.5	100	123	
100	100	0.5	500	217	
100	100	0.5	900	743	
100	100	0.5	900	766	
100	100	0.5	900	375	
100	100	0.5	100	689	
100	100	0.5	100	113	
100	100	0.5	500	558	
100	100	0.5	100	591	
100	100	0.5	100	572	
100	100	0.5	500	576	
100	100	0.5	500	539	
100	100	0.5	900	354	
100	100	0.5	500	386	
100	100	0.5	100	371	
100	100	0.5	100	649	
100	100	0.5	100	803	
100	100	0.5	100	975	
100	100	0.5	900	945	
100	100	0.5	100	49	
100	100	0.5	100	217	
100	100	0.5	500	744	
100	100	0.5	100	93	
100	100	0.5	900	832	
100	100	0.5	900	843	
100	100	0.5	900	193	
100	100	0.5	100	795	
100	100	0.5	100	487	
100	100	0.5	100	865	
100	100	0.5	100	547	
100	100	0.5	500	958	
100	100	0.5	100	970	
100	100	0.5	100	226	
100	100	0.5	100	614	
100	100	0.5	100	534	
100	100	0.5	500	308	
100	100	0.5	100	249	
100	100	0.5	500	990	
100	100	0.5	500	391	
100	100	0.5	900	206	
100	100	0.5	100	958	
100	100	0.5	900	209	
100	100	0.5	100	342	
100	100	0.5	100	982	
100	100	0.5	500	854	
100	100	0.5	500	221	
100	100	0.5	900	212	
100	100	0.5	900	9	
100	100	0.5	900	963	
100	100	0.5	900	343	
100	100	0.5	500	502	
100	100	0.5	900	940	
100	100	0.5	900	40	
100	100	0.5	500	133	
100	100	0.5	900	155	
100	100	0.5	100	489	
100	100	0.5	900	69	
100	100	0.5	500	916	
100	100	0.5	100	558	
100	100	0.5	500	381	
100	100	0.5	500	526	
100	100	0.5	100	352	
100	100	0.5	900	802	
100	100	0.5	900	259	
100	100	0.5	900	901	
100	100	0.5	900	459	
100	100	0.5	100	996	
100	100	0.5	100	409	
100	100	0.5	500	193	
100	100	0.5	100	350	
100	100	0.5	500	563	
100	100	0.5	500	585	
100	100	0.5	900	763	
100	100	0.5	100	276	
100	100	0.5	100	397	
100	100	0.5	100	924	
100	100	0.5	500	596	
100	100	0.5	100	843	
100	100	0.5	100	75	
100	100	0.5	100	730	
100	100	0.5	500	649	
100	100	0.5	500	305	
100	100	0.5	900	523	
100	100	0.5	500	752	
100	100	0.5	500	325	
100	100	0.5	900	119	
100	100	0.5	900	398	
100	100	0.5	900	643	
100	100	0.5	900	837	
100	100	0.5	900	409	
100	100	0.5	100	129	
100	100	0.5	100	24	
100	100	0.5	900	191	
100	100	0.5	100	230	
100	100	0.5	900	374	
100	100	0.5	900	455	
100	100	0.5	500	358	
100	100	0.5	100	156	
100	100	0.5	900	511	
100	100	0.5	500	939	
100	100	0.5	500	757	
100	100	0.5	900	127	
100	100	0.5	900	870	
100	100	0.5	100	930	
100	100	0.5	500	953	
100	100	0.5	500	723	
100	100	0.5	100	652	
100	100	0.5	500	893	
100	100	0.5	900	539	
100	100	0.5	100	853	
100	100	0.5	500	553	
100	100	0.5	900	514	
100	100	0.5	100	792	
100	100	0.5	900	833	
100	100	0.5	100	514	
100	100	0.5	900	627	
100	100	0.5	100	660	
100	100	0.5	100	986	
100	100	0.5	500	456	
100	100	0.5	900	714	
100	100	0.5	100	643	
100	100	0.5	500	648	
100	100	0.5	500	762	
100	100	0.5	900	232	
100	100	0.5	500	614	
100	100	0.5	500	228	
100	100	0.5	500	829	
100	100	0.5	500	175	
100	100	0.5	900	268	
100	100	0.5	500	88	
100	100	0.5	100	676	
100	100	0.5	900	125	
100	100	0.5	900	364	
100	100	0.5	100	35	
100	100	0.5	500	74	
100	100	0.5	500	154	
100	100	0.5	900	554	
100	100	0.5	900	52	
100	100	0.5	500	497	
100	100	0.5	100	114	
100	100	0.5	500	756	
100	100	0.5	900	725	
100	100	0.5	500	898	
100	100	0.5	900	332	
100	100	0.5	900	425	
100	100	0.5	100	736	
100	100	0.5	900	49	
100	100	0.5	100	610	
100	100	0.5	900	568	
100	100	0.5	500	379	
100	100	0.5	900	996	
100	100	0.5	900	790	
100	100	0.5	500	604	
100	100	0.5	500	562	
100	100	0.5	900	990	
100	100	0.5	100	200	
100	100	0.5	500	150	
100	100	0.5	500	493	
100	100	0.5	500	299	
100	100	0.5	100	143	
100	100	0.5	100	21	
100	100	0.5	500	134	
100	100	0.5	900	416	
100	100	0.5	500	162	
100	100	0.5	900	946	
100	100	0.5	900	509	
100	100	0.5	100	861	
100	100	0.5	500	565	
100	100	0.5	100	599	
100	100	0.5	900	813	
100	100	0.5	100	394	
100	100	0.5	500	928	
100	100	0.5	500	809	
100	100	0.5	500	875	
100	100	0.5	900	107	
100	100	0.5	100	968	
100	100	0.5	100	417	
100	100	0.5	100	48	
100	100	0.5	500	890	
100	100	0.5	900	120	
100	100	0.5	500	580	
100	100	0.5	500	617	
100	100	0.5	900	696	
100	100	0.5	900	160	
100	100	0.5	100	671	
100	100	0.5	900	179	
100	100	0.5	900	916	
100	100	0.5	500	374	
100	100	0.5	900	918	
100	100	0.5	900	792	
100	100	0.5	900	888	
