80,110,50,20,20,20,1.2,15,110,rastrigin;60,81.8662559985,1170
80,110,50,20,26,10,1.2,19,110,rastrigin;66,88.8964561331,1160
80,110,50,20,23,15,1.2,15,110,rastrigin;68,85.0713866775,1220
80,110,50,20,26,10,1.4,17,110,rastrigin;65,83.2312606417,1230
80,110,50,20,26,15,1.2,19,110,rastrigin;59,83.2944325789,1200
80,110,50,20,23,20,1.4,15,110,rastrigin;68,84.7449133054,1260
80,110,50,20,26,10,1.4,15,110,rastrigin;70,83.8079926175,1250
80,110,50,20,20,15,1.2,15,110,rastrigin;64,82.3319971018,1150
80,110,50,20,26,10,1.2,17,110,rastrigin;71,91.2946718268,1240
80,110,50,20,26,10,1.2,15,110,rastrigin;73,94.8293197373,1300
80,110,50,20,23,20,1.2,15,110,rastrigin;66,88.0241274431,1160
80,110,50,20,26,15,1.4,17,110,rastrigin;66,80.7662537284,1170
80,110,50,20,23,10,1.4,17,110,rastrigin;63,74.7416711808,960
80,110,50,20,20,15,1.4,15,110,rastrigin;58,77.8687434634,1170
80,110,50,20,26,20,1.2,17,110,rastrigin;68,91.9961821224,1210
80,110,50,20,26,15,1.2,15,110,rastrigin;76,91.3745996712,1210
80,110,50,20,20,20,1.4,19,110,rastrigin;67,76.7249647452,1200
80,110,50,20,20,10,1.4,17,110,rastrigin;57,74.3136683848,1180
80,110,50,20,20,20,1.4,15,110,rastrigin;58,81.8978306632,1160
80,110,50,20,23,10,1.2,17,110,rastrigin;60,87.6396034011,1140
80,110,50,20,26,20,1.2,15,110,rastrigin;78,102.221295074,1260
80,110,50,20,23,15,1.2,19,110,rastrigin;58,88.5966367083,1140
80,110,50,20,23,20,1.4,17,110,rastrigin;58,81.0627886195,990
80,110,50,20,20,15,1.2,19,110,rastrigin;66,82.2473477643,1260
80,110,50,20,20,15,1.4,17,110,rastrigin;60,73.8880908107,1160
80,110,50,20,23,10,1.4,19,110,rastrigin;59,75.5057421935,1170
80,110,50,20,23,10,1.4,15,110,rastrigin;67,84.1796246609,1200
80,110,50,20,26,20,1.4,19,110,rastrigin;59,76.1791784856,1090
80,110,50,20,20,10,1.2,17,110,rastrigin;61,76.6844559446,1200
80,110,50,20,20,10,1.2,15,110,rastrigin;61,84.6418860941,1080
80,110,50,20,20,20,1.2,19,110,rastrigin;65,77.9929865991,1190
80,110,50,20,20,10,1.4,19,110,rastrigin;64,79.4276953574,1210
80,110,50,20,23,15,1.2,17,110,rastrigin;61,75.7252069226,1130
80,110,50,20,20,20,1.2,17,110,rastrigin;58,78.8130982308,1090
80,110,50,20,23,10,1.2,19,110,rastrigin;59,84.1013772272,1230
80,110,50,20,26,10,1.4,19,110,rastrigin;64,75.4426037056,1210
80,110,50,20,20,10,1.2,19,110,rastrigin;65,87.3748387855,1220
80,110,50,20,26,15,1.4,19,110,rastrigin;59,78.4167273629,970
80,110,50,20,20,10,1.4,15,110,rastrigin;60,79.3237197863,1190
80,110,50,20,23,10,1.2,15,110,rastrigin;70,88.0640119398,1220
80,110,50,20,23,20,1.2,17,110,rastrigin;60,81.199711152,1110
80,110,50,20,26,20,1.4,15,110,rastrigin;78,94.9528516057,1160
80,110,50,20,26,15,1.2,17,110,rastrigin;68,88.8789925602,1210
80,110,50,20,20,20,1.4,17,110,rastrigin;62,72.4376134822,1190
80,110,50,20,20,15,1.4,19,110,rastrigin;67,80.7346223364,1240
80,110,50,20,26,20,1.4,17,110,rastrigin;63,84.7590870568,1210
80,110,50,20,23,20,1.2,19,110,rastrigin;59,80.7102434631,1010
80,110,50,20,23,15,1.4,17,110,rastrigin;60,81.0517405051,1060
80,110,50,20,23,15,1.4,19,110,rastrigin;60,74.2607113019,1180
80,110,50,20,20,15,1.2,17,110,rastrigin;59,76.2032322455,1180
80,110,50,20,26,15,1.4,15,110,rastrigin;70,92.6879401302,1050
80,110,50,20,23,20,1.4,19,110,rastrigin;55,76.9303003721,1170
80,110,50,20,23,15,1.4,15,110,rastrigin;66,83.9870567474,1140
80,110,50,20,26,20,1.2,19,110,rastrigin;58,82.0208580566,1210
