100,100,0.5,900,571,25;7676
100,100,0.5,500,796,25;7940
100,100,0.5,900,532,25;8008
100,100,0.5,500,602,25;8014
100,100,0.5,100,171,25;8940
100,100,0.5,500,116,25;8926
100,100,0.5,900,656,25;8286
100,100,0.5,100,656,25;7908
100,100,0.5,900,863,25;7450
100,100,0.5,500,575,25;7982
100,100,0.5,500,788,25;7956
100,100,0.5,500,377,25;8764
100,100,0.5,500,360,25;8340
100,100,0.5,900,926,25;7326
100,100,0.5,500,417,25;8574
100,100,0.5,100,796,25;7806
100,100,0.5,100,941,25;7802
100,100,0.5,100,548,25;8050
100,100,0.5,100,926,25;7544
100,100,0.5,900,30,25;9958
100,100,0.5,900,61,25;9564
100,100,0.5,500,645,25;8236
100,100,0.5,500,844,25;7616
100,100,0.5,100,190,25;9098
100,100,0.5,900,535,25;8252
100,100,0.5,100,744,25;8006
100,100,0.5,100,741,25;7880
100,100,0.5,500,899,25;7482
100,100,0.5,500,949,25;7758
100,100,0.5,100,880,25;7548
100,100,0.5,500,819,25;7532
100,100,0.5,900,592,25;7766
100,100,0.5,100,670,25;7966
100,100,0.5,900,638,25;7986
100,100,0.5,900,244,25;8788
100,100,0.5,100,725,25;7810
100,100,0.5,100,646,25;8072
100,100,0.5,100,349,25;8732
100,100,0.5,900,443,25;8406
100,100,0.5,500,726,25;8036
100,100,0.5,500,229,25;8472
100,100,0.5,500,198,25;8876
100,100,0.5,100,110,25;9200
100,100,0.5,100,366,25;8392
100,100,0.5,100,934,25;7578
100,100,0.5,500,855,25;7598
100,100,0.5,900,116,25;9074
100,100,0.5,500,664,25;7790
100,100,0.5,100,938,25;7862
100,100,0.5,100,731,25;7878
100,100,0.5,900,653,25;7982
100,100,0.5,900,815,25;7874
100,100,0.5,100,568,25;8226
100,100,0.5,100,552,25;8112
100,100,0.5,100,707,25;7660
100,100,0.5,100,751,25;7602
100,100,0.5,900,222,25;8244
100,100,0.5,900,572,25;8216
100,100,0.5,900,136,25;8980
100,100,0.5,900,78,25;9388
100,100,0.5,500,26,25;9560
100,100,0.5,100,618,25;7632
100,100,0.5,900,749,25;8276
100,100,0.5,900,396,25;8498
100,100,0.5,500,82,25;9420
100,100,0.5,100,95,25;9480
100,100,0.5,100,515,25;8014
100,100,0.5,900,997,25;7290
100,100,0.5,500,742,25;8258
100,100,0.5,900,583,25;7910
100,100,0.5,100,863,25;7690
100,100,0.5,500,776,25;7302
100,100,0.5,500,780,25;7796
100,100,0.5,900,786,25;7742
100,100,0.5,100,329,25;8342
100,100,0.5,900,84,25;8982
100,100,0.5,900,799,25;7798
100,100,0.5,900,889,25;7500
100,100,0.5,900,746,25;7996
100,100,0.5,900,750,25;7678
100,100,0.5,500,346,25;8638
100,100,0.5,500,631,25;8098
100,100,0.5,500,159,25;9078
100,100,0.5,100,561,25;8168
100,100,0.5,900,644,25;8318
100,100,0.5,100,377,25;8352
100,100,0.5,500,246,25;8776
100,100,0.5,500,76,25;9602
100,100,0.5,100,563,25;7912
100,100,0.5,900,540,25;8196
100,100,0.5,500,950,25;7582
100,100,0.5,500,566,25;8056
100,100,0.5,100,972,25;7676
100,100,0.5,100,650,25;8022
100,100,0.5,900,330,25;8164
100,100,0.5,100,634,25;7694
100,100,0.5,100,204,25;8764
100,100,0.5,500,498,25;8186
100,100,0.5,500,483,25;8250
100,100,0.5,100,680,25;7800
100,100,0.5,500,611,25;8018
100,100,0.5,900,338,25;8368
100,100,0.5,100,756,25;7720
100,100,0.5,900,685,25;8182
100,100,0.5,500,488,25;8244
100,100,0.5,500,907,25;7796
100,100,0.5,500,737,25;7542
100,100,0.5,900,4,25;10036
100,100,0.5,500,409,25;8510
100,100,0.5,500,506,25;7958
100,100,0.5,900,955,25;7778
100,100,0.5,500,734,25;7912
100,100,0.5,500,511,25;8228
100,100,0.5,500,413,25;8160
100,100,0.5,100,830,25;7646
100,100,0.5,100,378,25;8386
100,100,0.5,900,368,25;8224
100,100,0.5,100,648,25;8178
100,100,0.5,500,849,25;7406
100,100,0.5,900,950,25;7512
100,100,0.5,100,259,25;8512
100,100,0.5,900,771,25;7488
100,100,0.5,100,600,25;8064
100,100,0.5,100,261,25;8198
100,100,0.5,100,79,25;9306
100,100,0.5,500,795,25;8106
100,100,0.5,900,635,25;8478
100,100,0.5,900,348,25;7958
100,100,0.5,100,202,25;8326
100,100,0.5,900,254,25;8760
100,100,0.5,900,755,25;7660
100,100,0.5,100,465,25;8162
100,100,0.5,500,248,25;9026
100,100,0.5,500,872,25;8264
100,100,0.5,900,147,25;9262
100,100,0.5,100,899,25;7902
100,100,0.5,100,86,25;9188
100,100,0.5,900,37,25;9602
100,100,0.5,900,527,25;8064
100,100,0.5,100,735,25;7782
100,100,0.5,900,458,25;7988
100,100,0.5,900,629,25;7870
100,100,0.5,900,428,25;8266
100,100,0.5,900,60,25;9554
100,100,0.5,900,101,25;8874
100,100,0.5,100,995,25;7726
100,100,0.5,100,550,25;7996
100,100,0.5,100,215,25;8628
100,100,0.5,100,584,25;7772
100,100,0.5,900,897,25;7780
100,100,0.5,100,500,25;8038
100,100,0.5,500,202,25;8944
100,100,0.5,900,589,25;8066
100,100,0.5,500,992,25;7270
100,100,0.5,100,753,25;7946
100,100,0.5,900,176,25;9410
100,100,0.5,900,891,25;7568
100,100,0.5,900,608,25;8222
100,100,0.5,100,23,25;9562
100,100,0.5,500,418,25;8302
100,100,0.5,100,178,25;8764
100,100,0.5,500,227,25;9050
100,100,0.5,900,820,25;7882
100,100,0.5,900,739,25;7550
100,100,0.5,100,677,25;8080
100,100,0.5,900,989,25;7750
100,100,0.5,500,401,25;8608
100,100,0.5,900,780,25;7740
100,100,0.5,500,643,25;8126
100,100,0.5,500,655,25;8098
100,100,0.5,100,454,25;8152
100,100,0.5,500,152,25;9120
100,100,0.5,100,302,25;8672
100,100,0.5,900,331,25;8492
100,100,0.5,900,97,25;9104
100,100,0.5,100,385,25;8264
100,100,0.5,900,614,25;7794
100,100,0.5,100,418,25;8584
100,100,0.5,500,13,25;9908
100,100,0.5,100,797,25;7728
100,100,0.5,900,844,25;7912
100,100,0.5,900,735,25;7900
100,100,0.5,900,309,25;8600
100,100,0.5,500,689,25;8306
100,100,0.5,100,81,25;9402
100,100,0.5,100,583,25;8358
100,100,0.5,900,677,25;7686
100,100,0.5,900,710,25;7476
100,100,0.5,100,867,25;7642
100,100,0.5,900,647,25;7734
100,100,0.5,500,292,25;8550
100,100,0.5,900,353,25;8220
100,100,0.5,500,766,25;7748
100,100,0.5,100,983,25;7716
100,100,0.5,900,826,25;7960
100,100,0.5,500,14,25;9582
100,100,0.5,900,276,25;8890
100,100,0.5,100,904,25;7702
100,100,0.5,900,628,25;8190
100,100,0.5,900,733,25;7854
100,100,0.5,500,158,25;9338
100,100,0.5,100,245,25;8604
100,100,0.5,900,659,25;8206
100,100,0.5,500,363,25;8476
100,100,0.5,100,211,25;8742
100,100,0.5,900,223,25;8860
100,100,0.5,900,197,25;9170
100,100,0.5,100,531,25;8262
100,100,0.5,100,455,25;8338
100,100,0.5,100,619,25;8302
100,100,0.5,900,533,25;8006
100,100,0.5,900,882,25;8236
100,100,0.5,100,124,25;9386
100,100,0.5,500,857,25;7742
100,100,0.5,100,528,25;7870
100,100,0.5,500,719,25;7368
100,100,0.5,500,913,25;7694
100,100,0.5,900,361,25;8148
100,100,0.5,100,808,25;7870
100,100,0.5,100,788,25;7462
100,100,0.5,500,31,25;9706
100,100,0.5,500,265,25;8394
100,100,0.5,500,140,25;9210
100,100,0.5,100,313,25;8566
100,100,0.5,100,292,25;8682
100,100,0.5,500,684,25;7930
100,100,0.5,500,610,25;7586
100,100,0.5,100,237,25;8770
100,100,0.5,900,752,25;8156
100,100,0.5,900,64,25;9420
100,100,0.5,900,520,25;8506
100,100,0.5,900,87,25;9950
100,100,0.5,500,635,25;7846
100,100,0.5,100,765,25;8036
100,100,0.5,900,953,25;7640
100,100,0.5,900,834,25;7992
100,100,0.5,100,799,25;7586
100,100,0.5,100,953,25;7446
100,100,0.5,900,422,25;8348
100,100,0.5,100,907,25;8202
100,100,0.5,500,236,25;8572
100,100,0.5,100,921,25;7560
100,100,0.5,900,76,25;9018
100,100,0.5,500,452,25;8466
100,100,0.5,100,383,25;8396
100,100,0.5,900,957,25;7878
100,100,0.5,100,623,25;7912
100,100,0.5,500,253,25;8768
100,100,0.5,900,349,25;8476
100,100,0.5,100,989,25;7424
100,100,0.5,900,543,25;7836
100,100,0.5,100,5,25;9840
100,100,0.5,100,386,25;8478
100,100,0.5,100,770,25;7988
100,100,0.5,100,169,25;8934
100,100,0.5,100,518,25;8134
100,100,0.5,900,597,25;7966
100,100,0.5,500,839,25;7938
100,100,0.5,500,171,25;9080
100,100,0.5,100,837,25;7696
100,100,0.5,500,810,25;7852
100,100,0.5,100,543,25;8352
100,100,0.5,900,221,25;8682
100,100,0.5,500,650,25;7920
100,100,0.5,100,250,25;9108
100,100,0.5,100,894,25;7766
100,100,0.5,900,949,25;8040
100,100,0.5,500,10,25;9752
100,100,0.5,100,721,25;7738
100,100,0.5,500,678,25;8074
100,100,0.5,900,190,25;8568
100,100,0.5,900,273,25;8318
100,100,0.5,900,239,25;8434
100,100,0.5,100,541,25;8070
100,100,0.5,500,529,25;7892
100,100,0.5,900,796,25;8288
100,100,0.5,500,572,25;8076
100,100,0.5,100,251,25;9056
100,100,0.5,500,581,25;7738
100,100,0.5,900,566,25;7992
100,100,0.5,500,94,25;9358
100,100,0.5,500,70,25;9400
100,100,0.5,100,922,25;7772
100,100,0.5,100,268,25;8502
100,100,0.5,100,240,25;8784
100,100,0.5,900,207,25;8838
100,100,0.5,900,300,25;8594
100,100,0.5,900,867,25;7784
100,100,0.5,100,43,25;9324
100,100,0.5,100,159,25;9052
100,100,0.5,500,188,25;8848
100,100,0.5,900,961,25;7556
100,100,0.5,100,781,25;7946
100,100,0.5,500,548,25;7850
100,100,0.5,100,602,25;8296
100,100,0.5,900,904,25;7796
100,100,0.5,900,337,25;8294
100,100,0.5,500,250,25;8698
100,100,0.5,100,936,25;7432
100,100,0.5,500,120,25;8928
100,100,0.5,100,716,25;7770
100,100,0.5,900,73,25;9422
100,100,0.5,500,782,25;7610
100,100,0.5,100,950,25;7488
100,100,0.5,500,559,25;8216
100,100,0.5,500,48,25;9288
100,100,0.5,100,146,25;9040
100,100,0.5,100,70,25;9674
100,100,0.5,900,531,25;8186
100,100,0.5,500,833,25;7540
100,100,0.5,900,711,25;7764
100,100,0.5,100,450,25;8800
100,100,0.5,900,20,25;9736
100,100,0.5,900,8,25;9672
100,100,0.5,900,367,25;8326
100,100,0.5,500,825,25;7688
100,100,0.5,500,103,25;9130
100,100,0.5,900,779,25;7862
100,100,0.5,900,142,25;8710
100,100,0.5,500,906,25;7662
100,100,0.5,900,982,25;7418
100,100,0.5,100,173,25;8990
100,100,0.5,500,966,25;7712
100,100,0.5,500,652,25;8052
100,100,0.5,100,961,25;7806
100,100,0.5,900,166,25;8826
100,100,0.5,500,35,25;9772
100,100,0.5,500,743,25;7810
100,100,0.5,900,923,25;7572
100,100,0.5,900,708,25;7942
100,100,0.5,500,755,25;7778
100,100,0.5,900,936,25;7864
100,100,0.5,900,164,25;9110
100,100,0.5,100,154,25;9018
100,100,0.5,100,874,25;7768
100,100,0.5,900,181,25;9008
100,100,0.5,900,174,25;9268
100,100,0.5,500,192,25;8630
100,100,0.5,900,534,25;8010
100,100,0.5,500,220,25;8680
100,100,0.5,500,935,25;7072
100,100,0.5,500,910,25;7580
100,100,0.5,500,96,25;9630
100,100,0.5,100,381,25;8168
100,100,0.5,900,690,25;7810
100,100,0.5,100,46,25;9466
100,100,0.5,900,890,25;7638
100,100,0.5,500,3,25;9920
100,100,0.5,900,660,25;7876
100,100,0.5,100,836,25;7964
100,100,0.5,900,266,25;8900
100,100,0.5,500,841,25;7848
100,100,0.5,100,161,25;8614
100,100,0.5,500,983,25;7726
100,100,0.5,100,727,25;7838
100,100,0.5,900,436,25;8286
100,100,0.5,100,229,25;8840
100,100,0.5,100,16,25;10012
100,100,0.5,900,433,25;8020
100,100,0.5,500,792,25;8184
100,100,0.5,100,667,25;8008
100,100,0.5,500,685,25;7612
100,100,0.5,500,775,25;7780
100,100,0.5,900,928,25;7568
100,100,0.5,100,625,25;8146
100,100,0.5,100,890,25;7630
100,100,0.5,900,657,25;7742
100,100,0.5,100,354,25;8378
100,100,0.5,500,778,25;8086
100,100,0.5,100,94,25;9314
100,100,0.5,900,451,25;8302
100,100,0.5,100,717,25;7998
100,100,0.5,500,275,25;8194
100,100,0.5,500,551,25;8196
100,100,0.5,500,605,25;8230
100,100,0.5,100,718,25;7924
100,100,0.5,100,297,25;8622
100,100,0.5,500,18,25;9252
100,100,0.5,500,763,25;8178
100,100,0.5,900,600,25;8028
100,100,0.5,900,634,25;8196
100,100,0.5,500,329,25;8460
100,100,0.5,500,577,25;7866
100,100,0.5,500,11,25;9856
100,100,0.5,500,540,25;8110
100,100,0.5,100,682,25;7864
100,100,0.5,100,77,25;9370
100,100,0.5,900,753,25;7674
100,100,0.5,900,442,25;8416
100,100,0.5,100,786,25;7802
100,100,0.5,500,975,25;7870
100,100,0.5,100,414,25;8218
100,100,0.5,900,153,25;9390
100,100,0.5,100,911,25;7502
100,100,0.5,100,220,25;8730
100,100,0.5,500,108,25;8914
100,100,0.5,100,627,25;8184
100,100,0.5,900,683,25;7424
100,100,0.5,500,142,25;8974
100,100,0.5,500,735,25;7342
100,100,0.5,100,441,25;8424
100,100,0.5,500,583,25;7838
100,100,0.5,500,747,25;7692
100,100,0.5,500,117,25;9244
100,100,0.5,900,154,25;9006
100,100,0.5,500,930,25;7728
100,100,0.5,500,662,25;7796
100,100,0.5,900,768,25;7596
100,100,0.5,100,553,25;8382
100,100,0.5,500,128,25;9082
100,100,0.5,100,270,25;8496
100,100,0.5,100,253,25;8606
100,100,0.5,100,299,25;8622
100,100,0.5,100,471,25;8342
100,100,0.5,100,838,25;7388
100,100,0.5,900,850,25;7500
100,100,0.5,500,342,25;8850
100,100,0.5,500,770,25;7892
100,100,0.5,100,22,25;9804
100,100,0.5,900,410,25;7972
100,100,0.5,500,501,25;8284
100,100,0.5,500,895,25;7912
100,100,0.5,500,106,25;9220
100,100,0.5,900,497,25;8636
100,100,0.5,500,394,25;8416
100,100,0.5,900,186,25;8836
100,100,0.5,500,883,25;7802
100,100,0.5,500,499,25;8650
100,100,0.5,900,489,25;8274
100,100,0.5,100,946,25;7762
100,100,0.5,500,39,25;9498
100,100,0.5,500,474,25;8592
100,100,0.5,500,603,25;8074
100,100,0.5,500,376,25;8560
100,100,0.5,100,4,25;10180
100,100,0.5,900,308,25;8562
100,100,0.5,900,580,25;8146
100,100,0.5,900,303,25;8740
100,100,0.5,100,456,25;8562
100,100,0.5,900,764,25;8000
100,100,0.5,900,385,25;7966
100,100,0.5,500,931,25;7554
100,100,0.5,900,464,25;8072
100,100,0.5,500,628,25;7692
100,100,0.5,500,385,25;8162
100,100,0.5,900,827,25;7690
100,100,0.5,100,82,25;9362
100,100,0.5,900,33,25;9658
100,100,0.5,500,304,25;8566
100,100,0.5,900,809,25;7820
100,100,0.5,100,800,25;7486
100,100,0.5,500,457,25;8304
100,100,0.5,500,326,25;8282
100,100,0.5,500,932,25;7844
100,100,0.5,900,856,25;7968
100,100,0.5,100,849,25;7640
100,100,0.5,500,334,25;8450
100,100,0.5,100,571,25;7806
100,100,0.5,500,153,25;9066
100,100,0.5,900,503,25;8468
100,100,0.5,500,300,25;8598
100,100,0.5,100,170,25;8916
100,100,0.5,900,187,25;8692
100,100,0.5,100,844,25;8268
100,100,0.5,100,750,25;7596
100,100,0.5,900,57,25;9446
100,100,0.5,100,393,25;8174
100,100,0.5,900,184,25;9306
100,100,0.5,900,756,25;7562
100,100,0.5,500,2,25;9842
100,100,0.5,100,103,25;9134
100,100,0.5,100,475,25;7928
100,100,0.5,100,928,25;7794
100,100,0.5,100,580,25;7968
100,100,0.5,500,846,25;7996
100,100,0.5,500,434,25;8220
100,100,0.5,500,237,25;8696
100,100,0.5,900,772,25;8154
100,100,0.5,900,606,25;7924
100,100,0.5,900,446,25;8264
100,100,0.5,500,135,25;8940
100,100,0.5,500,608,25;8170
100,100,0.5,500,77,25;9472
100,100,0.5,900,603,25;7910
100,100,0.5,500,347,25;8464
100,100,0.5,100,33,25;9528
100,100,0.5,900,576,25;7922
100,100,0.5,100,722,25;7692
100,100,0.5,900,987,25;7624
100,100,0.5,500,318,25;7938
100,100,0.5,900,994,25;7766
100,100,0.5,500,745,25;8006
100,100,0.5,500,513,25;7968
100,100,0.5,900,910,25;7820
100,100,0.5,500,523,25;8102
100,100,0.5,900,18,25;9870
100,100,0.5,100,373,25;8414
100,100,0.5,900,83,25;9524
100,100,0.5,500,868,25;7582
100,100,0.5,500,63,25;9480
100,100,0.5,500,707,25;7854
100,100,0.5,500,972,25;8194
100,100,0.5,500,101,25;9488
100,100,0.5,500,569,25;8464
100,100,0.5,100,247,25;8622
100,100,0.5,900,162,25;9166
100,100,0.5,900,323,25;8328
100,100,0.5,900,639,25;7862
100,100,0.5,100,609,25;8030
100,100,0.5,500,885,25;7758
100,100,0.5,100,758,25;8118
100,100,0.5,900,426,25;8290
100,100,0.5,100,915,25;7662
100,100,0.5,500,615,25;8280
100,100,0.5,100,663,25;8056
100,100,0.5,100,685,25;8068
100,100,0.5,500,441,25;8228
100,100,0.5,500,927,25;7486
100,100,0.5,500,145,25;9012
100,100,0.5,900,522,25;8220
100,100,0.5,100,564,25;8034
100,100,0.5,100,933,25;7896
100,100,0.5,100,985,25;7636
100,100,0.5,500,443,25;8316
100,100,0.5,100,291,25;8524
100,100,0.5,900,386,25;8138
100,100,0.5,100,290,25;8646
100,100,0.5,900,99,25;9242
100,100,0.5,500,993,25;7648
100,100,0.5,900,217,25;8544
100,100,0.5,500,291,25;8386
100,100,0.5,900,977,25;7888
100,100,0.5,500,40,25;9282
100,100,0.5,500,281,25;8590
100,100,0.5,500,999,25;7768
100,100,0.5,100,365,25;8484
100,100,0.5,500,167,25;8732
100,100,0.5,500,174,25;9224
100,100,0.5,100,499,25;8392
100,100,0.5,500,8,25;9562
100,100,0.5,500,472,25;7946
100,100,0.5,100,569,25;7856
100,100,0.5,500,45,25;9704
100,100,0.5,900,42,25;9264
100,100,0.5,500,15,25;9558
100,100,0.5,900,312,25;8492
100,100,0.5,900,911,25;7678
100,100,0.5,100,901,25;7846
100,100,0.5,900,178,25;9040
100,100,0.5,900,196,25;8748
100,100,0.5,100,848,25;7958
100,100,0.5,100,301,25;8324
100,100,0.5,100,238,25;8766
100,100,0.5,900,359,25;8308
100,100,0.5,900,128,25;9672
100,100,0.5,100,501,25;8352
100,100,0.5,500,738,25;8148
100,100,0.5,500,715,25;8106
100,100,0.5,500,389,25;8726
100,100,0.5,100,20,25;10042
100,100,0.5,100,828,25;7954
100,100,0.5,900,145,25;9130
100,100,0.5,900,158,25;9082
100,100,0.5,500,619,25;7902
100,100,0.5,500,633,25;7994
100,100,0.5,500,717,25;7892
100,100,0.5,100,821,25;8070
100,100,0.5,100,767,25;7650
100,100,0.5,900,719,25;7856
100,100,0.5,500,582,25;8186
100,100,0.5,500,388,25;8312
100,100,0.5,100,134,25;9642
100,100,0.5,900,956,25;7490
100,100,0.5,100,337,25;8512
100,100,0.5,500,339,25;8056
100,100,0.5,500,802,25;7738
100,100,0.5,100,147,25;9226
100,100,0.5,900,669,25;7926
100,100,0.5,900,472,25;8556
100,100,0.5,500,424,25;8460
100,100,0.5,100,117,25;8980
100,100,0.5,500,674,25;8418
100,100,0.5,900,401,25;8310
100,100,0.5,900,435,25;8594
100,100,0.5,900,321,25;8294
100,100,0.5,100,703,25;7870
100,100,0.5,900,72,25;9262
100,100,0.5,500,467,25;8284
100,100,0.5,900,582,25;8100
100,100,0.5,500,594,25;7890
100,100,0.5,900,170,25;9218
100,100,0.5,100,811,25;8012
100,100,0.5,900,318,25;8764
100,100,0.5,100,780,25;7736
100,100,0.5,900,518,25;8276
100,100,0.5,100,917,25;7756
100,100,0.5,100,191,25;8862
100,100,0.5,500,571,25;8240
100,100,0.5,500,51,25;9466
100,100,0.5,100,842,25;7718
100,100,0.5,500,556,25;7840
100,100,0.5,500,892,25;7592
100,100,0.5,900,617,25;8076
100,100,0.5,500,54,25;9438
100,100,0.5,500,222,25;8660
100,100,0.5,500,692,25;8076
100,100,0.5,900,208,25;8840
100,100,0.5,900,862,25;7532
100,100,0.5,900,736,25;7934
100,100,0.5,500,12,25;9612
100,100,0.5,500,430,25;8280
100,100,0.5,900,565,25;7976
100,100,0.5,100,172,25;9046
100,100,0.5,900,991,25;7432
100,100,0.5,500,541,25;8026
100,100,0.5,100,118,25;9222
100,100,0.5,900,483,25;8208
100,100,0.5,100,688,25;7624
100,100,0.5,500,977,25;7814
100,100,0.5,100,260,25;8988
100,100,0.5,500,699,25;7870
100,100,0.5,500,828,25;7864
100,100,0.5,900,504,25;8272
100,100,0.5,500,886,25;7510
100,100,0.5,900,652,25;8092
100,100,0.5,100,278,25;8524
100,100,0.5,500,476,25;8264
100,100,0.5,100,818,25;8126
100,100,0.5,900,787,25;7912
100,100,0.5,500,448,25;8052
100,100,0.5,500,219,25;8596
100,100,0.5,100,364,25;8388
100,100,0.5,900,325,25;8572
100,100,0.5,900,525,25;8100
100,100,0.5,500,446,25;8062
100,100,0.5,900,319,25;8704
100,100,0.5,100,399,25;8408
100,100,0.5,100,554,25;8078
100,100,0.5,500,266,25;8788
100,100,0.5,100,78,25;9074
100,100,0.5,100,852,25;7430
100,100,0.5,900,915,25;7390
100,100,0.5,900,939,25;7500
100,100,0.5,500,716,25;7588
100,100,0.5,500,261,25;8830
100,100,0.5,500,733,25;7368
100,100,0.5,900,728,25;7826
100,100,0.5,100,335,25;8182
100,100,0.5,500,840,25;7726
100,100,0.5,500,303,25;8164
100,100,0.5,500,259,25;8810
100,100,0.5,900,475,25;8536
100,100,0.5,900,481,25;8182
100,100,0.5,900,700,25;7540
100,100,0.5,900,429,25;8606
100,100,0.5,100,449,25;8338
100,100,0.5,500,442,25;8046
100,100,0.5,500,636,25;7984
100,100,0.5,100,850,25;7534
100,100,0.5,900,114,25;9308
100,100,0.5,500,373,25;8492
100,100,0.5,500,232,25;8676
100,100,0.5,500,91,25;9080
100,100,0.5,500,520,25;7866
100,100,0.5,500,982,25;7886
100,100,0.5,900,794,25;8082
100,100,0.5,500,156,25;8862
100,100,0.5,500,403,25;8316
100,100,0.5,100,909,25;7858
100,100,0.5,900,951,25;7584
100,100,0.5,500,463,25;8318
100,100,0.5,100,873,25;7898
100,100,0.5,500,306,25;8426
100,100,0.5,500,114,25;9254
100,100,0.5,900,138,25;9184
100,100,0.5,500,333,25;8330
100,100,0.5,100,771,25;8100
100,100,0.5,900,322,25;8398
100,100,0.5,100,175,25;9194
100,100,0.5,100,243,25;8670
100,100,0.5,100,284,25;8638
100,100,0.5,100,675,25;7736
100,100,0.5,500,461,25;8024
100,100,0.5,900,715,25;7762
100,100,0.5,500,547,25;8174
100,100,0.5,900,594,25;8154
100,100,0.5,900,747,25;7960
100,100,0.5,900,253,25;8332
100,100,0.5,900,291,25;8476
100,100,0.5,500,451,25;8520
100,100,0.5,100,559,25;8136
100,100,0.5,100,586,25;8082
100,100,0.5,500,462,25;8084
100,100,0.5,500,468,25;8462
100,100,0.5,900,655,25;7876
100,100,0.5,900,215,25;8762
100,100,0.5,900,667,25;7946
100,100,0.5,100,443,25;8036
100,100,0.5,100,631,25;7986
100,100,0.5,100,833,25;7668
100,100,0.5,500,777,25;7962
100,100,0.5,900,561,25;7908
100,100,0.5,900,357,25;9090
100,100,0.5,100,244,25;8724
100,100,0.5,500,708,25;8068
100,100,0.5,100,248,25;8844
100,100,0.5,500,589,25;8024
100,100,0.5,500,985,25;7924
100,100,0.5,900,27,25;9756
100,100,0.5,100,273,25;8426
100,100,0.5,500,235,25;9074
100,100,0.5,900,893,25;7674
100,100,0.5,500,527,25;8348
100,100,0.5,900,720,25;8020
100,100,0.5,900,55,25;9372
100,100,0.5,500,971,25;7602
100,100,0.5,500,218,25;8954
100,100,0.5,500,301,25;8602
100,100,0.5,900,633,25;7604
100,100,0.5,500,97,25;9126
100,100,0.5,900,962,25;7504
100,100,0.5,500,496,25;8238
100,100,0.5,100,321,25;8824
100,100,0.5,900,622,25;8128
100,100,0.5,100,389,25;8474
100,100,0.5,500,1,25;10032
100,100,0.5,900,408,25;8106
100,100,0.5,900,7,25;10344
100,100,0.5,100,595,25;8228
100,100,0.5,100,679,25;7960
100,100,0.5,100,198,25;8620
100,100,0.5,900,383,25;8542
100,100,0.5,100,332,25;8418
100,100,0.5,500,332,25;8548
100,100,0.5,900,697,25;7638
100,100,0.5,900,334,25;8584
100,100,0.5,500,920,25;7640
100,100,0.5,900,346,25;7866
100,100,0.5,900,394,25;8190
100,100,0.5,900,487,25;8340
100,100,0.5,500,422,25;8260
100,100,0.5,900,810,25;7818
100,100,0.5,500,487,25;8238
100,100,0.5,500,919,25;7834
100,100,0.5,100,762,25;7598
100,100,0.5,100,280,25;8610
100,100,0.5,500,183,25;8824
100,100,0.5,100,416,25;8274
100,100,0.5,500,823,25;7706
100,100,0.5,100,495,25;8152
100,100,0.5,500,124,25;9062
100,100,0.5,900,619,25;8238
100,100,0.5,100,654,25;7548
100,100,0.5,100,908,25;7726
100,100,0.5,500,741,25;7914
100,100,0.5,900,557,25;8006
100,100,0.5,900,966,25;7862
100,100,0.5,100,817,25;7582
100,100,0.5,500,508,25;7986
100,100,0.5,100,119,25;9010
100,100,0.5,500,751,25;7898
100,100,0.5,900,932,25;7534
100,100,0.5,500,375,25;8642
100,100,0.5,500,274,25;8670
100,100,0.5,900,200,25;9090
100,100,0.5,900,846,25;7602
100,100,0.5,100,326,25;8704
100,100,0.5,900,721,25;7672
100,100,0.5,500,160,25;8916
100,100,0.5,500,166,25;8802
100,100,0.5,500,860,25;7716
100,100,0.5,900,161,25;8890
100,100,0.5,100,739,25;7802
100,100,0.5,500,870,25;7786
100,100,0.5,500,189,25;8618
100,100,0.5,100,886,25;7802
100,100,0.5,900,470,25;8238
100,100,0.5,100,779,25;8088
100,100,0.5,500,739,25;7996
100,100,0.5,500,595,25;7888
100,100,0.5,500,710,25;7408
100,100,0.5,100,774,25;7956
100,100,0.5,100,89,25;9198
100,100,0.5,500,444,25;8160
100,100,0.5,100,263,25;8144
100,100,0.5,500,836,25;7780
100,100,0.5,500,123,25;8974
100,100,0.5,100,269,25;8690
100,100,0.5,500,772,25;7768
100,100,0.5,100,262,25;8734
100,100,0.5,100,395,25;8432
100,100,0.5,100,472,25;8230
100,100,0.5,100,448,25;7884
100,100,0.5,100,835,25;7994
100,100,0.5,100,54,25;9382
100,100,0.5,500,92,25;9256
100,100,0.5,500,197,25;8540
100,100,0.5,100,647,25;8008
100,100,0.5,100,793,25;7594
100,100,0.5,100,137,25;9000
100,100,0.5,100,488,25;8570
100,100,0.5,900,612,25;7974
100,100,0.5,500,942,25;7932
100,100,0.5,500,597,25;8066
100,100,0.5,900,430,25;8052
100,100,0.5,100,964,25;7558
100,100,0.5,100,593,25;8246
100,100,0.5,500,549,25;8346
100,100,0.5,900,624,25;7580
100,100,0.5,900,930,25;7696
100,100,0.5,500,341,25;8680
100,100,0.5,100,3,25;9876
100,100,0.5,500,327,25;8356
100,100,0.5,900,92,25;9156
100,100,0.5,900,12,25;9810
100,100,0.5,100,57,25;9456
100,100,0.5,100,241,25;8384
100,100,0.5,500,176,25;8834
100,100,0.5,100,809,25;7934
100,100,0.5,500,853,25;7940
100,100,0.5,500,477,25;8250
100,100,0.5,100,419,25;8154
100,100,0.5,900,803,25;7806
100,100,0.5,100,882,25;7838
100,100,0.5,100,189,25;8866
100,100,0.5,900,845,25;7650
100,100,0.5,100,483,25;7862
100,100,0.5,500,484,25;8336
100,100,0.5,900,317,25;8354
100,100,0.5,100,519,25;8184
100,100,0.5,500,455,25;8080
100,100,0.5,100,482,25;8126
100,100,0.5,900,480,25;7664
100,100,0.5,500,406,25;8606
100,100,0.5,900,585,25;7714
100,100,0.5,100,128,25;9148
100,100,0.5,100,696,25;7912
100,100,0.5,500,78,25;9268
100,100,0.5,500,537,25;7948
100,100,0.5,100,898,25;7670
100,100,0.5,900,229,25;8666
100,100,0.5,100,754,25;7868
100,100,0.5,500,9,25;10180
100,100,0.5,900,399,25;8028
100,100,0.5,100,424,25;8242
100,100,0.5,100,589,25;8246
100,100,0.5,500,59,25;9300
100,100,0.5,500,555,25;7578
100,100,0.5,900,63,25;9654
100,100,0.5,100,427,25;8414
100,100,0.5,500,705,25;8018
100,100,0.5,900,405,25;7940
100,100,0.5,500,131,25;9094
100,100,0.5,500,979,25;7470
100,100,0.5,100,815,25;8068
100,100,0.5,500,995,25;7614
100,100,0.5,900,765,25;8042
100,100,0.5,100,186,25;8806
100,100,0.5,900,798,25;7652
100,100,0.5,900,267,25;8448
100,100,0.5,100,195,25;8800
100,100,0.5,100,952,25;7460
100,100,0.5,900,96,25;9062
100,100,0.5,500,616,25;8200
100,100,0.5,500,215,25;8702
100,100,0.5,900,699,25;8126
100,100,0.5,500,95,25;9338
100,100,0.5,500,824,25;7620
100,100,0.5,100,978,25;7920
100,100,0.5,100,304,25;8442
100,100,0.5,100,831,25;7680
100,100,0.5,900,985,25;7558
100,100,0.5,900,988,25;7676
100,100,0.5,900,327,25;8832
100,100,0.5,900,271,25;8410
100,100,0.5,500,244,25;8568
100,100,0.5,100,331,25;8626
100,100,0.5,500,686,25;7682
100,100,0.5,500,681,25;8144
100,100,0.5,900,118,25;9138
100,100,0.5,900,980,25;7764
100,100,0.5,900,907,25;7728
100,100,0.5,100,963,25;7770
100,100,0.5,500,231,25;8500
100,100,0.5,900,19,25;10140
100,100,0.5,500,812,25;7678
100,100,0.5,900,840,25;7520
100,100,0.5,100,714,25;8012
100,100,0.5,500,331,25;8582
100,100,0.5,100,706,25;8076
100,100,0.5,500,93,25;9450
100,100,0.5,500,437,25;8122
100,100,0.5,900,740,25;7664
100,100,0.5,100,806,25;7948
100,100,0.5,100,19,25;9768
100,100,0.5,500,21,25;9486
100,100,0.5,500,491,25;8734
100,100,0.5,900,473,25;8398
100,100,0.5,100,442,25;8320
100,100,0.5,900,326,25;8522
100,100,0.5,500,262,25;8618
100,100,0.5,500,874,25;7672
100,100,0.5,500,688,25;7744
100,100,0.5,100,8,25;10234
100,100,0.5,500,464,25;8154
100,100,0.5,900,960,25;7576
100,100,0.5,900,860,25;7602
100,100,0.5,100,370,25;8206
100,100,0.5,100,210,25;8142
100,100,0.5,100,461,25;8634
100,100,0.5,100,807,25;7542
100,100,0.5,900,630,25;7984
100,100,0.5,900,770,25;7898
100,100,0.5,100,271,25;8716
100,100,0.5,500,877,25;7776
100,100,0.5,900,257,25;8554
100,100,0.5,500,722,25;7878
100,100,0.5,100,155,25;9280
100,100,0.5,100,734,25;8048
100,100,0.5,900,491,25;8342
100,100,0.5,500,294,25;8464
100,100,0.5,900,243,25;8234
100,100,0.5,100,167,25;9018
100,100,0.5,100,136,25;8854
100,100,0.5,100,41,25;9712
100,100,0.5,900,445,25;8304
100,100,0.5,900,339,25;8348
100,100,0.5,500,243,25;8720
100,100,0.5,900,171,25;8786
100,100,0.5,100,162,25;8782
100,100,0.5,900,686,25;8036
100,100,0.5,900,541,25;7968
100,100,0.5,100,104,25;8992
100,100,0.5,500,61,25;9148
100,100,0.5,100,822,25;7876
100,100,0.5,100,824,25;7446
100,100,0.5,900,182,25;9130
100,100,0.5,500,113,25;9392
100,100,0.5,900,777,25;7852
100,100,0.5,500,485,25;8282
100,100,0.5,900,423,25;8524
100,100,0.5,100,851,25;8008
100,100,0.5,100,138,25;9042
100,100,0.5,500,586,25;8044
100,100,0.5,100,314,25;8476
100,100,0.5,100,723,25;8010
100,100,0.5,900,298,25;7988
100,100,0.5,900,538,25;7994
100,100,0.5,900,698,25;8202
100,100,0.5,100,228,25;8240
100,100,0.5,100,219,25;8730
100,100,0.5,500,399,25;8508
100,100,0.5,100,398,25;8440
100,100,0.5,100,282,25;8508
100,100,0.5,900,432,25;8306
100,100,0.5,900,256,25;8874
100,100,0.5,100,710,25;7640
100,100,0.5,100,88,25;8890
100,100,0.5,900,465,25;8642
100,100,0.5,900,992,25;7702
100,100,0.5,900,272,25;8510
100,100,0.5,900,328,25;8710
100,100,0.5,900,102,25;9506
100,100,0.5,100,346,25;8588
100,100,0.5,900,407,25;8234
100,100,0.5,900,974,25;7568
100,100,0.5,100,468,25;8494
100,100,0.5,100,343,25;8362
100,100,0.5,900,806,25;7926
100,100,0.5,100,451,25;7952
100,100,0.5,900,979,25;7858
100,100,0.5,500,378,25;8358
100,100,0.5,900,219,25;9114
100,100,0.5,100,743,25;8204
100,100,0.5,500,528,25;7938
100,100,0.5,100,590,25;7874
100,100,0.5,500,316,25;8570
100,100,0.5,500,507,25;8034
100,100,0.5,100,855,25;7828
100,100,0.5,100,794,25;7614
100,100,0.5,500,621,25;7952
100,100,0.5,100,322,25;8490
100,100,0.5,500,125,25;9708
100,100,0.5,100,960,25;7490
100,100,0.5,500,543,25;7940
100,100,0.5,900,134,25;9094
100,100,0.5,900,938,25;7770
100,100,0.5,500,880,25;7752
100,100,0.5,100,439,25;8498
100,100,0.5,500,405,25;8186
100,100,0.5,500,161,25;8998
100,100,0.5,900,441,25;8420
100,100,0.5,900,529,25;8126
100,100,0.5,900,218,25;8968
100,100,0.5,500,104,25;9530
100,100,0.5,500,531,25;7988
100,100,0.5,900,947,25;7894
100,100,0.5,100,496,25;8382
100,100,0.5,100,856,25;7536
100,100,0.5,100,497,25;8394
100,100,0.5,100,869,25;7754
100,100,0.5,500,663,25;8026
100,100,0.5,500,400,25;8446
100,100,0.5,900,113,25;9296
100,100,0.5,500,627,25;7574
100,100,0.5,500,607,25;7956
100,100,0.5,500,955,25;7688
100,100,0.5,900,981,25;7738
100,100,0.5,900,380,25;8412
100,100,0.5,100,598,25;7748
100,100,0.5,500,897,25;7864
100,100,0.5,500,58,25;9306
100,100,0.5,100,66,25;9228
100,100,0.5,100,160,25;9386
100,100,0.5,900,609,25;8020
100,100,0.5,100,480,25;8416
100,100,0.5,500,680,25;7630
100,100,0.5,500,260,25;8838
100,100,0.5,500,504,25;8284
100,100,0.5,500,79,25;9376
100,100,0.5,500,4,25;9856
100,100,0.5,100,859,25;7766
100,100,0.5,900,104,25;9448
100,100,0.5,500,519,25;8208
100,100,0.5,500,49,25;9530
100,100,0.5,100,97,25;9466
100,100,0.5,500,415,25;8242
100,100,0.5,900,692,25;7982
100,100,0.5,500,658,25;8242
100,100,0.5,500,712,25;7824
100,100,0.5,900,895,25;8022
100,100,0.5,100,444,25;8436
100,100,0.5,900,90,25;9188
100,100,0.5,500,269,25;8560
100,100,0.5,900,884,25;7818
100,100,0.5,100,51,25;9712
100,100,0.5,100,407,25;8224
100,100,0.5,500,490,25;7976
100,100,0.5,500,147,25;9042
100,100,0.5,500,671,25;7820
100,100,0.5,900,365,25;8398
100,100,0.5,500,211,25;8986
100,100,0.5,500,449,25;8264
100,100,0.5,900,881,25;7880
100,100,0.5,900,275,25;8388
100,100,0.5,900,31,25;9710
100,100,0.5,500,535,25;8102
100,100,0.5,900,741,25;8072
100,100,0.5,100,991,25;7816
100,100,0.5,500,272,25;8800
100,100,0.5,900,654,25;8074
100,100,0.5,100,139,25;9126
100,100,0.5,900,877,25;8088
100,100,0.5,500,80,25;9462
100,100,0.5,900,194,25;8540
100,100,0.5,500,679,25;7990
100,100,0.5,500,343,25;8336
100,100,0.5,500,591,25;7694
100,100,0.5,100,158,25;8950
100,100,0.5,900,899,25;8160
100,100,0.5,100,44,25;9444
100,100,0.5,500,945,25;7504
100,100,0.5,900,499,25;7970
100,100,0.5,100,106,25;8582
100,100,0.5,900,650,25;8448
100,100,0.5,100,125,25;8870
100,100,0.5,500,851,25;8046
100,100,0.5,100,777,25;7850
100,100,0.5,500,165,25;8828
100,100,0.5,100,140,25;8896
100,100,0.5,500,481,25;8094
100,100,0.5,900,673,25;7800
100,100,0.5,100,338,25;8242
100,100,0.5,900,167,25;9380
100,100,0.5,100,819,25;7586
100,100,0.5,500,168,25;8528
100,100,0.5,900,769,25;7806
100,100,0.5,100,832,25;8022
100,100,0.5,900,496,25;8024
100,100,0.5,100,64,25;9364
100,100,0.5,900,283,25;8572
100,100,0.5,500,908,25;7810
100,100,0.5,100,640,25;7400
100,100,0.5,900,89,25;9092
100,100,0.5,900,231,25;8894
100,100,0.5,100,910,25;7856
100,100,0.5,900,108,25;8968
100,100,0.5,500,67,25;9406
100,100,0.5,100,920,25;7636
100,100,0.5,100,511,25;8086
100,100,0.5,900,54,25;9720
100,100,0.5,500,414,25;8272
100,100,0.5,900,734,25;7516
100,100,0.5,500,629,25;8176
100,100,0.5,100,988,25;7370
100,100,0.5,500,815,25;7758
100,100,0.5,100,947,25;7876
100,100,0.5,500,172,25;9112
100,100,0.5,900,793,25;7930
100,100,0.5,500,408,25;8200
100,100,0.5,500,769,25;7628
100,100,0.5,900,382,25;8450
100,100,0.5,500,758,25;7924
100,100,0.5,900,38,25;9648
100,100,0.5,500,864,25;7782
100,100,0.5,500,713,25;7946
100,100,0.5,500,701,25;7762
100,100,0.5,900,575,25;8048
100,100,0.5,100,132,25;9152
100,100,0.5,900,287,25;8820
100,100,0.5,500,182,25;8840
100,100,0.5,500,146,25;9188
100,100,0.5,900,384,25;8404
100,100,0.5,900,684,25;8236
100,100,0.5,500,598,25;8096
100,100,0.5,900,247,25;8496
100,100,0.5,100,341,25;8220
100,100,0.5,100,279,25;8838
100,100,0.5,500,568,25;7878
100,100,0.5,100,687,25;7972
100,100,0.5,500,420,25;8472
100,100,0.5,100,504,25;8052
100,100,0.5,900,67,25;9084
100,100,0.5,100,700,25;7530
100,100,0.5,100,185,25;8888
100,100,0.5,900,848,25;7880
100,100,0.5,900,745,25;7816
100,100,0.5,100,980,25;7650
100,100,0.5,500,536,25;8406
100,100,0.5,100,53,25;9246
100,100,0.5,100,396,25;8082
100,100,0.5,100,935,25;7680
100,100,0.5,500,16,25;9708
100,100,0.5,900,91,25;9386
100,100,0.5,900,701,25;7914
100,100,0.5,900,748,25;8348
100,100,0.5,900,601,25;8036
100,100,0.5,100,42,25;10036
100,100,0.5,900,456,25;8740
100,100,0.5,900,192,25;8708
100,100,0.5,900,983,25;7682
100,100,0.5,100,76,25;9494
100,100,0.5,100,434,25;8338
100,100,0.5,500,813,25;8250
100,100,0.5,500,390,25;8090
100,100,0.5,100,52,25;9478
100,100,0.5,100,15,25;9672
100,100,0.5,900,737,25;8070
100,100,0.5,500,68,25;9088
100,100,0.5,900,132,25;9234
100,100,0.5,500,33,25;9364
100,100,0.5,900,620,25;8344
100,100,0.5,500,460,25;8066
100,100,0.5,500,421,25;8220
100,100,0.5,900,58,25;9104
100,100,0.5,100,932,25;7584
100,100,0.5,500,196,25;9236
100,100,0.5,900,286,25;8792
100,100,0.5,500,239,25;8636
100,100,0.5,900,98,25;9414
100,100,0.5,900,22,25;9668
100,100,0.5,100,312,25;8974
100,100,0.5,500,592,25;8232
100,100,0.5,100,242,25;8656
100,100,0.5,100,683,25;7854
100,100,0.5,100,733,25;8010
100,100,0.5,100,152,25;9378
100,100,0.5,100,300,25;8796
100,100,0.5,100,601,25;8636
100,100,0.5,500,201,25;9078
100,100,0.5,100,745,25;7990
100,100,0.5,900,199,25;8822
100,100,0.5,900,478,25;8182
100,100,0.5,500,310,25;8936
100,100,0.5,900,82,25;9274
100,100,0.5,500,544,25;8064
100,100,0.5,500,270,25;8176
100,100,0.5,900,265,25;8856
100,100,0.5,100,267,25;8850
100,100,0.5,100,812,25;7410
100,100,0.5,900,941,25;7512
100,100,0.5,500,832,25;7974
100,100,0.5,500,5,25;10082
100,100,0.5,100,27,25;9536
100,100,0.5,100,361,25;8686
100,100,0.5,100,516,25;8214
100,100,0.5,900,105,25;9340
100,100,0.5,500,727,25;7654
100,100,0.5,500,368,25;8646
100,100,0.5,900,819,25;7774
100,100,0.5,900,662,25;7720
100,100,0.5,900,642,25;7724
100,100,0.5,900,776,25;8134
100,100,0.5,100,61,25;9952
100,100,0.5,900,135,25;9320
100,100,0.5,100,881,25;8018
100,100,0.5,900,438,25;7974
100,100,0.5,900,545,25;7762
100,100,0.5,500,691,25;7922
100,100,0.5,100,616,25;7886
100,100,0.5,100,749,25;7888
100,100,0.5,100,579,25;8188
100,100,0.5,900,551,25;8178
100,100,0.5,900,296,25;8734
100,100,0.5,100,362,25;8550
100,100,0.5,900,341,25;8474
100,100,0.5,100,789,25;7596
100,100,0.5,100,374,25;8518
100,100,0.5,500,177,25;8612
100,100,0.5,100,633,25;8056
100,100,0.5,100,306,25;8518
100,100,0.5,500,255,25;8694
100,100,0.5,900,6,25;9654
100,100,0.5,500,793,25;7942
100,100,0.5,100,368,25;8922
100,100,0.5,500,808,25;8036
100,100,0.5,900,340,25;8104
100,100,0.5,100,275,25;8480
100,100,0.5,900,858,25;7482
100,100,0.5,500,384,25;8678
100,100,0.5,900,226,25;8964
100,100,0.5,900,246,25;8790
100,100,0.5,900,251,25;8674
100,100,0.5,500,946,25;7978
100,100,0.5,100,320,25;8824
100,100,0.5,100,783,25;7950
100,100,0.5,900,335,25;8212
100,100,0.5,500,286,25;8196
100,100,0.5,900,649,25;7694
100,100,0.5,100,896,25;7700
100,100,0.5,100,802,25;8086
100,100,0.5,500,654,25;8328
100,100,0.5,100,839,25;8244
100,100,0.5,900,510,25;8150
100,100,0.5,900,159,25;8864
100,100,0.5,100,997,25;7408
100,100,0.5,500,941,25;7774
100,100,0.5,900,230,25;8952
100,100,0.5,100,289,25;8280
100,100,0.5,500,433,25;7910
100,100,0.5,900,297,25;8454
100,100,0.5,100,460,25;8194
100,100,0.5,900,929,25;7268
100,100,0.5,900,970,25;7388
100,100,0.5,100,702,25;8202
100,100,0.5,100,375,25;8524
100,100,0.5,500,804,25;7866
100,100,0.5,900,41,25;9924
100,100,0.5,900,126,25;9426
100,100,0.5,100,971,25;7796
100,100,0.5,900,896,25;7942
100,100,0.5,100,763,25;8056
100,100,0.5,100,724,25;8124
100,100,0.5,500,957,25;7620
100,100,0.5,100,507,25;7984
100,100,0.5,100,979,25;7294
100,100,0.5,500,179,25;8678
100,100,0.5,900,389,25;8312
100,100,0.5,900,801,25;7928
100,100,0.5,100,902,25;7980
100,100,0.5,900,632,25;8274
100,100,0.5,100,566,25;7846
100,100,0.5,500,314,25;8148
100,100,0.5,100,575,25;8296
100,100,0.5,100,728,25;7910
100,100,0.5,500,25,25;9900
100,100,0.5,100,274,25;8560
100,100,0.5,500,980,25;7570
100,100,0.5,900,211,25;8312
100,100,0.5,900,185,25;8842
100,100,0.5,500,909,25;7738
100,100,0.5,100,523,25;8470
100,100,0.5,500,970,25;7514
100,100,0.5,900,274,25;8634
100,100,0.5,100,732,25;7974
100,100,0.5,900,71,25;9020
100,100,0.5,500,806,25;8126
100,100,0.5,500,640,25;7872
100,100,0.5,900,605,25;8036
100,100,0.5,500,136,25;8966
100,100,0.5,100,785,25;7916
100,100,0.5,100,973,25;7372
100,100,0.5,100,790,25;7332
100,100,0.5,500,647,25;7736
100,100,0.5,100,438,25;8132
100,100,0.5,100,308,25;8098
100,100,0.5,500,894,25;7546
100,100,0.5,100,596,25;8082
100,100,0.5,900,258,25;8786
100,100,0.5,100,348,25;8798
100,100,0.5,500,164,25;8864
100,100,0.5,900,74,25;9194
100,100,0.5,500,774,25;7994
100,100,0.5,500,690,25;7916
100,100,0.5,100,225,25;8592
100,100,0.5,100,719,25;7708
100,100,0.5,100,188,25;8762
100,100,0.5,900,165,25;8586
100,100,0.5,900,672,25;8030
100,100,0.5,500,195,25;8592
100,100,0.5,900,706,25;8164
100,100,0.5,900,449,25;8000
100,100,0.5,900,954,25;7454
100,100,0.5,500,512,25;8336
100,100,0.5,900,621,25;7700
100,100,0.5,100,168,25;8846
100,100,0.5,900,202,25;8512
100,100,0.5,900,260,25;8436
100,100,0.5,900,574,25;7804
100,100,0.5,100,715,25;7834
100,100,0.5,500,366,25;8192
100,100,0.5,100,246,25;8546
100,100,0.5,500,143,25;8990
100,100,0.5,100,415,25;8482
100,100,0.5,900,705,25;7792
100,100,0.5,500,348,25;8280
100,100,0.5,100,222,25;8602
100,100,0.5,900,952,25;7812
100,100,0.5,900,757,25;8016
100,100,0.5,500,794,25;7616
100,100,0.5,900,902,25;7952
100,100,0.5,500,820,25;8124
100,100,0.5,500,30,25;9860
100,100,0.5,900,46,25;9828
100,100,0.5,500,933,25;7668
100,100,0.5,500,279,25;8596
100,100,0.5,900,507,25;7968
100,100,0.5,500,258,25;8582
100,100,0.5,100,387,25;8172
100,100,0.5,900,547,25;8190
100,100,0.5,900,498,25;8244
100,100,0.5,900,864,25;7754
100,100,0.5,500,960,25;7406
100,100,0.5,500,791,25;7456
100,100,0.5,500,87,25;9762
100,100,0.5,100,529,25;7872
100,100,0.5,900,450,25;8312
100,100,0.5,100,328,25;8754
100,100,0.5,900,484,25;8320
100,100,0.5,100,163,25;9002
100,100,0.5,500,225,25;8680
100,100,0.5,500,657,25;8140
100,100,0.5,900,36,25;9842
100,100,0.5,900,362,25;8426
100,100,0.5,900,841,25;7512
100,100,0.5,500,402,25;8070
100,100,0.5,900,376,25;8438
100,100,0.5,100,131,25;8688
100,100,0.5,500,151,25;9390
100,100,0.5,500,6,25;9838
100,100,0.5,500,397,25;8190
100,100,0.5,900,854,25;7960
100,100,0.5,900,452,25;8490
100,100,0.5,100,729,25;7828
100,100,0.5,500,630,25;7714
100,100,0.5,100,494,25;8156
100,100,0.5,900,965,25;7566
100,100,0.5,500,644,25;8024
100,100,0.5,100,205,25;8576
100,100,0.5,900,75,25;9330
100,100,0.5,100,757,25;7852
100,100,0.5,500,826,25;8042
100,100,0.5,900,814,25;7936
100,100,0.5,100,653,25;7954
100,100,0.5,900,852,25;7792
100,100,0.5,900,761,25;7574
100,100,0.5,100,433,25;8002
100,100,0.5,900,577,25;7794
100,100,0.5,900,935,25;7404
100,100,0.5,100,10,25;9530
100,100,0.5,500,714,25;7868
100,100,0.5,500,797,25;7532
100,100,0.5,500,475,25;8498
100,100,0.5,500,322,25;8726
100,100,0.5,900,492,25;8188
100,100,0.5,500,28,25;9506
100,100,0.5,500,382,25;8378
100,100,0.5,500,155,25;8910
100,100,0.5,900,344,25;8776
100,100,0.5,900,172,25;9272
100,100,0.5,900,379,25;8264
100,100,0.5,100,605,25;7932
100,100,0.5,900,421,25;8010
100,100,0.5,500,748,25;7678
100,100,0.5,900,722,25;8174
100,100,0.5,900,623,25;8120
100,100,0.5,100,708,25;8130
100,100,0.5,100,540,25;7988
100,100,0.5,500,989,25;7888
100,100,0.5,500,482,25;8476
100,100,0.5,500,787,25;8008
100,100,0.5,100,435,25;8506
100,100,0.5,500,478,25;8560
100,100,0.5,100,542,25;8036
100,100,0.5,900,898,25;7716
100,100,0.5,100,876,25;7518
100,100,0.5,900,3,25;9990
100,100,0.5,500,876,25;7660
100,100,0.5,100,382,25;8714
100,100,0.5,500,178,25;8836
100,100,0.5,900,68,25;9624
100,100,0.5,500,194,25;8792
100,100,0.5,500,639,25;8200
100,100,0.5,900,613,25;8396
100,100,0.5,900,453,25;8454
100,100,0.5,100,68,25;9284
100,100,0.5,900,553,25;8100
100,100,0.5,100,738,25;7752
100,100,0.5,500,315,25;8390
100,100,0.5,500,214,25;8864
100,100,0.5,500,725,25;8112
100,100,0.5,900,115,25;9134
100,100,0.5,100,509,25;8192
100,100,0.5,100,344,25;8500
100,100,0.5,500,858,25;7532
100,100,0.5,500,646,25;8018
100,100,0.5,500,887,25;7708
100,100,0.5,900,515,25;8198
100,100,0.5,500,781,25;8194
100,100,0.5,900,479,25;8208
100,100,0.5,900,804,25;7728
100,100,0.5,500,383,25;8376
100,100,0.5,900,233,25;8878
100,100,0.5,500,954,25;7182
100,100,0.5,100,108,25;8864
100,100,0.5,500,393,25;8364
100,100,0.5,500,626,25;7814
100,100,0.5,500,672,25;7410
100,100,0.5,500,779,25;7862
100,100,0.5,100,551,25;8546
100,100,0.5,500,882,25;7518
100,100,0.5,500,180,25;9006
100,100,0.5,100,100,25;8984
100,100,0.5,500,330,25;8522
100,100,0.5,500,925,25;7650
100,100,0.5,900,403,25;8430
100,100,0.5,100,45,25;9594
100,100,0.5,500,524,25;8336
100,100,0.5,100,257,25;8630
100,100,0.5,100,18,25;9554
100,100,0.5,100,339,25;8560
100,100,0.5,100,107,25;9204
100,100,0.5,100,944,25;7744
100,100,0.5,500,951,25;7976
100,100,0.5,900,157,25;9194
100,100,0.5,100,422,25;8416
100,100,0.5,500,964,25;7632
100,100,0.5,500,204,25;8856
100,100,0.5,900,789,25;7822
100,100,0.5,900,203,25;8948
100,100,0.5,100,141,25;8752
100,100,0.5,500,965,25;7746
100,100,0.5,100,761,25;7930
100,100,0.5,500,973,25;7672
100,100,0.5,100,929,25;7572
100,100,0.5,100,347,25;8262
100,100,0.5,900,599,25;7980
100,100,0.5,100,356,25;8078
100,100,0.5,500,944,25;7884
100,100,0.5,500,943,25;7598
100,100,0.5,900,641,25;7564
100,100,0.5,500,600,25;7978
100,100,0.5,900,285,25;8482
100,100,0.5,900,402,25;8138
100,100,0.5,100,752,25;8006
100,100,0.5,900,927,25;7906
100,100,0.5,100,199,25;9072
100,100,0.5,500,72,25;9032
100,100,0.5,900,315,25;8452
100,100,0.5,900,44,25;9626
100,100,0.5,100,857,25;7538
100,100,0.5,900,516,25;7968
100,100,0.5,500,878,25;7478
100,100,0.5,900,835,25;7672
100,100,0.5,900,15,25;9970
100,100,0.5,500,340,25;8110
100,100,0.5,100,948,25;7616
100,100,0.5,500,902,25;7714
100,100,0.5,100,887,25;8096
100,100,0.5,100,62,25;9330
100,100,0.5,500,55,25;9796
100,100,0.5,500,923,25;7712
100,100,0.5,100,69,25;9224
100,100,0.5,100,878,25;7804
100,100,0.5,100,491,25;7916
100,100,0.5,900,26,25;9760
100,100,0.5,100,36,25;10096
100,100,0.5,900,913,25;7960
100,100,0.5,900,729,25;7982
100,100,0.5,500,38,25;9222
100,100,0.5,900,648,25;8374
100,100,0.5,500,773,25;7810
100,100,0.5,900,14,25;9956
100,100,0.5,100,490,25;8500
100,100,0.5,500,249,25;8906
100,100,0.5,500,207,25;8520
100,100,0.5,900,237,25;9086
100,100,0.5,500,226,25;8794
100,100,0.5,500,642,25;7972
100,100,0.5,500,320,25;8348
100,100,0.5,100,965,25;7648
100,100,0.5,500,163,25;8986
100,100,0.5,900,269,25;8384
100,100,0.5,100,834,25;7324
100,100,0.5,900,651,25;8512
100,100,0.5,500,673,25;7710
100,100,0.5,900,824,25;7614
100,100,0.5,100,668,25;8142
100,100,0.5,100,888,25;8096
100,100,0.5,100,142,25;9152
100,100,0.5,500,505,25;8216
100,100,0.5,900,123,25;9742
100,100,0.5,900,564,25;8138
100,100,0.5,500,698,25;8062
100,100,0.5,100,639,25;7788
100,100,0.5,900,350,25;8368
100,100,0.5,900,892,25;7618
100,100,0.5,500,355,25;8480
100,100,0.5,900,5,25;9680
100,100,0.5,500,697,25;7792
100,100,0.5,500,357,25;8140
100,100,0.5,900,393,25;8292
100,100,0.5,100,1000,25;7606
100,100,0.5,100,405,25;8652
100,100,0.5,900,467,25;8430
100,100,0.5,900,758,25;7978
100,100,0.5,900,378,25;8356
100,100,0.5,100,420,25;8160
100,100,0.5,900,573,25;8384
100,100,0.5,500,765,25;7892
100,100,0.5,500,170,25;9062
100,100,0.5,900,839,25;7522
100,100,0.5,500,732,25;7632
100,100,0.5,500,473,25;7894
100,100,0.5,900,782,25;7772
100,100,0.5,500,257,25;8684
100,100,0.5,900,342,25;8506
100,100,0.5,900,168,25;8802
100,100,0.5,500,353,25;8410
100,100,0.5,500,109,25;9050
100,100,0.5,100,194,25;8930
100,100,0.5,900,477,25;8160
100,100,0.5,500,618,25;8290
100,100,0.5,100,791,25;7844
100,100,0.5,500,924,25;7352
100,100,0.5,100,697,25;7862
100,100,0.5,500,790,25;7862
100,100,0.5,100,527,25;7912
100,100,0.5,100,485,25;8138
100,100,0.5,100,34,25;9448
100,100,0.5,500,753,25;7854
100,100,0.5,500,789,25;7840
100,100,0.5,900,448,25;8070
100,100,0.5,500,879,25;7408
100,100,0.5,500,624,25;7858
100,100,0.5,500,480,25;8222
100,100,0.5,100,692,25;8236
100,100,0.5,500,525,25;7898
100,100,0.5,900,347,25;8398
100,100,0.5,500,599,25;8068
100,100,0.5,500,800,25;7422
100,100,0.5,500,213,25;8868
100,100,0.5,900,24,25;9812
100,100,0.5,100,452,25;8250
100,100,0.5,900,180,25;9046
100,100,0.5,900,530,25;7698
100,100,0.5,500,407,25;8092
100,100,0.5,900,558,25;8226
100,100,0.5,100,955,25;7530
100,100,0.5,100,403,25;8214
100,100,0.5,100,392,25;8418
100,100,0.5,100,90,25;9130
100,100,0.5,900,830,25;7794
100,100,0.5,900,598,25;8034
100,100,0.5,500,224,25;8924
100,100,0.5,900,611,25;7872
100,100,0.5,500,940,25;7738
100,100,0.5,500,90,25;9430
100,100,0.5,900,277,25;8856
100,100,0.5,900,822,25;7826
100,100,0.5,100,587,25;7756
100,100,0.5,100,537,25;7950
100,100,0.5,100,846,25;7498
100,100,0.5,100,826,25;7396
100,100,0.5,900,816,25;8020
100,100,0.5,100,530,25;8342
100,100,0.5,500,538,25;8066
100,100,0.5,500,665,25;8012
100,100,0.5,900,143,25;9020
100,100,0.5,100,508,25;8238
100,100,0.5,500,242,25;8718
100,100,0.5,100,775,25;7838
100,100,0.5,900,524,25;8208
100,100,0.5,100,825,25;7842
100,100,0.5,900,225,25;8792
100,100,0.5,100,841,25;7846
100,100,0.5,100,526,25;7724
100,100,0.5,900,517,25;7740
100,100,0.5,500,834,25;7744
100,100,0.5,500,831,25;7884
100,100,0.5,900,924,25;7954
100,100,0.5,100,998,25;7420
100,100,0.5,900,717,25;7742
100,100,0.5,100,993,25;7468
100,100,0.5,100,294,25;8694
100,100,0.5,900,920,25;7914
100,100,0.5,900,521,25;8116
100,100,0.5,100,974,25;7548
100,100,0.5,500,50,25;9426
100,100,0.5,100,29,25;9786
100,100,0.5,100,895,25;7786
100,100,0.5,900,871,25;7942
100,100,0.5,100,447,25;8188
100,100,0.5,900,110,25;9258
100,100,0.5,900,875,25;7716
100,100,0.5,500,19,25;9630
100,100,0.5,900,284,25;8652
100,100,0.5,100,264,25;8748
100,100,0.5,900,220,25;8980
100,100,0.5,900,727,25;7866
100,100,0.5,100,379,25;8628
100,100,0.5,500,915,25;7806
100,100,0.5,100,431,25;8408
100,100,0.5,900,570,25;8094
100,100,0.5,100,327,25;8560
100,100,0.5,500,362,25;8206
100,100,0.5,100,122,25;9404
100,100,0.5,500,429,25;8252
100,100,0.5,100,798,25;7484
100,100,0.5,100,412,25;8152
100,100,0.5,100,862,25;7874
100,100,0.5,100,334,25;8276
100,100,0.5,100,577,25;8138
100,100,0.5,900,631,25;7872
100,100,0.5,100,410,25;7964
100,100,0.5,900,993,25;8046
100,100,0.5,900,146,25;8948
100,100,0.5,900,842,25;7894
100,100,0.5,900,371,25;8646
100,100,0.5,500,241,25;8942
100,100,0.5,100,174,25;8912
100,100,0.5,100,58,25;9330
100,100,0.5,500,254,25;8656
100,100,0.5,100,467,25;7826
100,100,0.5,900,670,25;8186
100,100,0.5,100,85,25;9314
100,100,0.5,500,184,25;8988
100,100,0.5,500,410,25;8544
100,100,0.5,100,759,25;7882
100,100,0.5,100,810,25;8284
100,100,0.5,100,453,25;7944
100,100,0.5,100,353,25;8706
100,100,0.5,500,100,25;9302
100,100,0.5,900,81,25;9418
100,100,0.5,500,550,25;8084
100,100,0.5,100,613,25;8036
100,100,0.5,100,517,25;8084
100,100,0.5,900,838,25;7992
100,100,0.5,100,942,25;7652
100,100,0.5,900,189,25;8902
100,100,0.5,900,679,25;7908
100,100,0.5,100,319,25;7968
100,100,0.5,500,22,25;9988
100,100,0.5,100,966,25;7744
100,100,0.5,900,358,25;8412
100,100,0.5,900,250,25;8518
100,100,0.5,100,265,25;8488
100,100,0.5,500,186,25;8334
100,100,0.5,900,53,25;9702
100,100,0.5,500,1000,25;7874
100,100,0.5,900,388,25;8318
100,100,0.5,500,991,25;7506
100,100,0.5,100,875,25;7280
100,100,0.5,100,429,25;8186
100,100,0.5,500,24,25;9838
100,100,0.5,900,878,25;7510
100,100,0.5,500,309,25;8458
100,100,0.5,900,144,25;9000
100,100,0.5,100,778,25;8194
100,100,0.5,500,324,25;8466
100,100,0.5,900,637,25;7708
100,100,0.5,900,760,25;7846
100,100,0.5,100,363,25;8562
100,100,0.5,500,115,25;9220
100,100,0.5,100,606,25;7942
100,100,0.5,900,80,25;9576
100,100,0.5,900,933,25;7742
100,100,0.5,900,411,25;8430
100,100,0.5,100,782,25;7790
100,100,0.5,500,984,25;7334
100,100,0.5,100,525,25;8082
100,100,0.5,100,369,25;8434
100,100,0.5,900,462,25;8222
100,100,0.5,500,426,25;8142
100,100,0.5,500,447,25;7996
100,100,0.5,500,838,25;7668
100,100,0.5,900,559,25;7916
100,100,0.5,500,416,25;8138
100,100,0.5,900,546,25;8042
100,100,0.5,100,317,25;8076
100,100,0.5,500,251,25;8682
100,100,0.5,500,240,25;8460
100,100,0.5,900,306,25;8400
100,100,0.5,900,493,25;8316
100,100,0.5,900,299,25;8314
100,100,0.5,900,552,25;8048
100,100,0.5,100,227,25;9024
100,100,0.5,500,271,25;8378
100,100,0.5,500,759,25;7778
100,100,0.5,100,144,25;8900
100,100,0.5,900,595,25;8196
100,100,0.5,900,972,25;7662
100,100,0.5,100,25,25;10228
100,100,0.5,100,658,25;7796
100,100,0.5,500,700,25;8060
100,100,0.5,500,801,25;7464
100,100,0.5,900,173,25;8842
100,100,0.5,500,677,25;7572
100,100,0.5,500,799,25;7944
100,100,0.5,500,937,25;7882
100,100,0.5,100,133,25;9258
100,100,0.5,900,112,25;9566
100,100,0.5,900,279,25;8286
100,100,0.5,900,797,25;7742
100,100,0.5,900,556,25;8036
100,100,0.5,900,17,25;9566
100,100,0.5,100,913,25;7958
100,100,0.5,100,17,25;9410
100,100,0.5,500,863,25;7776
100,100,0.5,500,112,25;9198
100,100,0.5,100,686,25;7862
100,100,0.5,100,115,25;8810
100,100,0.5,900,581,25;8218
100,100,0.5,100,283,25;8806
100,100,0.5,500,287,25;8802
100,100,0.5,900,718,25;8122
100,100,0.5,100,130,25;8766
100,100,0.5,100,355,25;8208
100,100,0.5,100,672,25;7500
100,100,0.5,100,539,25;8176
100,100,0.5,100,310,25;8888
100,100,0.5,900,805,25;7524
100,100,0.5,500,952,25;7780
100,100,0.5,500,453,25;8080
100,100,0.5,900,290,25;8448
100,100,0.5,500,987,25;7576
100,100,0.5,900,563,25;8020
100,100,0.5,900,213,25;8656
100,100,0.5,500,349,25;8714
100,100,0.5,900,103,25;9018
100,100,0.5,900,242,25;8916
100,100,0.5,100,323,25;8334
100,100,0.5,900,894,25;7726
100,100,0.5,900,569,25;8152
100,100,0.5,900,975,25;7944
100,100,0.5,500,223,25;8824
100,100,0.5,100,311,25;8336
100,100,0.5,500,41,25;9774
100,100,0.5,900,788,25;7552
100,100,0.5,500,764,25;7822
100,100,0.5,900,175,25;8702
100,100,0.5,500,736,25;7844
100,100,0.5,900,45,25;9692
100,100,0.5,500,440,25;7928
100,100,0.5,900,774,25;8120
100,100,0.5,900,883,25;7682
100,100,0.5,500,411,25;7946
100,100,0.5,100,184,25;8872
100,100,0.5,500,687,25;7830
100,100,0.5,900,236,25;8486
100,100,0.5,900,391,25;8714
100,100,0.5,500,564,25;8160
100,100,0.5,500,289,25;8582
100,100,0.5,500,534,25;7970
100,100,0.5,500,302,25;8868
100,100,0.5,900,413,25;8220
100,100,0.5,100,401,25;8578
100,100,0.5,900,537,25;8030
100,100,0.5,100,742,25;7522
100,100,0.5,500,169,25;9006
100,100,0.5,100,463,25;8592
100,100,0.5,100,359,25;8080
100,100,0.5,100,426,25;8408
100,100,0.5,900,681,25;7918
100,100,0.5,100,691,25;8038
100,100,0.5,900,414,25;8218
100,100,0.5,100,479,25;8036
100,100,0.5,100,470,25;8018
100,100,0.5,100,694,25;7914
100,100,0.5,100,101,25;9468
100,100,0.5,900,282,25;9184
100,100,0.5,500,313,25;8544
100,100,0.5,900,505,25;7630
100,100,0.5,500,110,25;9124
100,100,0.5,900,400,25;8418
100,100,0.5,900,152,25;9542
100,100,0.5,100,150,25;8836
100,100,0.5,900,292,25;8596
100,100,0.5,900,976,25;7690
100,100,0.5,500,280,25;8806
100,100,0.5,500,661,25;7924
100,100,0.5,900,712,25;7834
100,100,0.5,500,200,25;8664
100,100,0.5,100,536,25;8062
100,100,0.5,900,876,25;7726
100,100,0.5,100,390,25;8474
100,100,0.5,500,282,25;8710
100,100,0.5,900,676,25;7580
100,100,0.5,900,767,25;7686
100,100,0.5,500,118,25;9178
100,100,0.5,500,298,25;8782
100,100,0.5,500,545,25;8304
100,100,0.5,100,903,25;7542
100,100,0.5,500,432,25;8654
100,100,0.5,900,48,25;9648
100,100,0.5,500,783,25;8084
100,100,0.5,100,486,25;8588
100,100,0.5,100,769,25;7770
100,100,0.5,500,998,25;7418
100,100,0.5,500,884,25;7698
100,100,0.5,500,622,25;8350
100,100,0.5,100,83,25;9044
100,100,0.5,100,747,25;7998
100,100,0.5,100,666,25;8220
100,100,0.5,900,431,25;8618
100,100,0.5,500,317,25;8340
100,100,0.5,900,369,25;8162
100,100,0.5,900,825,25;7762
100,100,0.5,100,402,25;8102
100,100,0.5,100,544,25;7916
100,100,0.5,500,351,25;8158
100,100,0.5,500,976,25;7390
100,100,0.5,500,768,25;7570
100,100,0.5,100,984,25;7508
100,100,0.5,100,14,25;9872
100,100,0.5,500,323,25;8572
100,100,0.5,100,945,25;7876
100,100,0.5,100,340,25;7960
100,100,0.5,100,805,25;7958
100,100,0.5,100,2,25;10186
100,100,0.5,100,900,25;7662
100,100,0.5,900,360,25;8530
100,100,0.5,100,801,25;7836
100,100,0.5,500,997,25;7446
100,100,0.5,900,305,25;8390
100,100,0.5,500,821,25;7756
100,100,0.5,900,263,25;8784
100,100,0.5,100,956,25;7362
100,100,0.5,100,63,25;9872
100,100,0.5,500,425,25;8000
100,100,0.5,100,305,25;8664
100,100,0.5,500,445,25;8564
100,100,0.5,500,830,25;7568
100,100,0.5,500,574,25;8274
100,100,0.5,500,284,25;8494
100,100,0.5,900,150,25;9188
100,100,0.5,100,804,25;7968
100,100,0.5,100,823,25;7964
100,100,0.5,900,252,25;8800
100,100,0.5,100,187,25;8878
100,100,0.5,500,609,25;7864
100,100,0.5,100,813,25;7992
100,100,0.5,500,514,25;8032
100,100,0.5,900,314,25;8466
100,100,0.5,900,29,25;9608
100,100,0.5,100,484,25;8144
100,100,0.5,500,256,25;8506
100,100,0.5,100,12,25;9922
100,100,0.5,500,911,25;7616
100,100,0.5,500,436,25;8042
100,100,0.5,500,623,25;7858
100,100,0.5,100,884,25;7542
100,100,0.5,900,948,25;7514
100,100,0.5,100,235,25;8536
100,100,0.5,100,999,25;7762
100,100,0.5,500,181,25;8882
100,100,0.5,500,848,25;7912
100,100,0.5,100,604,25;8176
100,100,0.5,900,420,25;8370
100,100,0.5,100,546,25;7708
100,100,0.5,500,956,25;7660
100,100,0.5,100,193,25;8942
100,100,0.5,500,83,25;9512
100,100,0.5,100,545,25;7926
100,100,0.5,500,918,25;7732
100,100,0.5,900,593,25;7976
100,100,0.5,500,283,25;8604
100,100,0.5,100,298,25;8988
100,100,0.5,900,615,25;8002
100,100,0.5,100,630,25;7922
100,100,0.5,100,990,25;7704
100,100,0.5,500,638,25;7862
100,100,0.5,100,582,25;8088
100,100,0.5,900,324,25;8402
100,100,0.5,900,372,25;8692
100,100,0.5,900,418,25;8010
100,100,0.5,500,486,25;7896
100,100,0.5,100,179,25;9044
100,100,0.5,100,30,25;9316
100,100,0.5,500,495,25;8210
100,100,0.5,100,892,25;7980
100,100,0.5,900,454,25;8078
100,100,0.5,900,490,25;8360
100,100,0.5,500,653,25;7994
100,100,0.5,900,294,25;8528
100,100,0.5,900,544,25;8036
100,100,0.5,100,567,25;8074
100,100,0.5,900,457,25;8318
100,100,0.5,900,917,25;8034
100,100,0.5,100,116,25;9648
100,100,0.5,900,66,25;9644
100,100,0.5,500,959,25;7728
100,100,0.5,500,337,25;8462
100,100,0.5,900,329,25;8570
100,100,0.5,100,840,25;7722
100,100,0.5,900,744,25;7990
100,100,0.5,500,361,25;8424
100,100,0.5,500,720,25;7936
100,100,0.5,100,206,25;8800
100,100,0.5,500,921,25;7500
100,100,0.5,900,235,25;8826
100,100,0.5,900,289,25;8814
100,100,0.5,100,216,25;8478
100,100,0.5,500,750,25;7854
100,100,0.5,100,153,25;9002
100,100,0.5,100,860,25;7856
100,100,0.5,100,866,25;7852
100,100,0.5,100,236,25;8384
100,100,0.5,900,984,25;7570
100,100,0.5,100,695,25;8066
100,100,0.5,900,310,25;8392
100,100,0.5,500,914,25;7650
100,100,0.5,500,587,25;8002
100,100,0.5,900,762,25;8088
100,100,0.5,100,208,25;8878
100,100,0.5,100,918,25;7640
100,100,0.5,100,151,25;9050
100,100,0.5,100,906,25;7930
100,100,0.5,500,533,25;8108
100,100,0.5,100,446,25;8596
100,100,0.5,900,77,25;9462
100,100,0.5,900,404,25;8504
100,100,0.5,900,969,25;7408
100,100,0.5,100,288,25;8358
100,100,0.5,500,818,25;8102
100,100,0.5,500,703,25;7886
100,100,0.5,100,885,25;7752
100,100,0.5,100,641,25;7738
100,100,0.5,500,371,25;8084
100,100,0.5,500,845,25;7758
100,100,0.5,500,365,25;8494
100,100,0.5,100,47,25;9354
100,100,0.5,100,145,25;8942
100,100,0.5,900,424,25;7734
100,100,0.5,100,212,25;8920
100,100,0.5,900,392,25;8056
100,100,0.5,100,67,25;9206
100,100,0.5,500,601,25;8206
100,100,0.5,900,579,25;8092
100,100,0.5,100,214,25;8712
100,100,0.5,100,574,25;7674
100,100,0.5,500,395,25;8548
100,100,0.5,900,255,25;8508
100,100,0.5,900,122,25;9262
100,100,0.5,500,431,25;8178
100,100,0.5,500,522,25;7962
100,100,0.5,100,92,25;9328
100,100,0.5,900,281,25;8684
100,100,0.5,100,445,25;7864
100,100,0.5,100,239,25;8574
100,100,0.5,500,44,25;9518
100,100,0.5,500,516,25;8050
100,100,0.5,100,611,25;8010
100,100,0.5,500,660,25;7984
100,100,0.5,900,482,25;8462
100,100,0.5,100,408,25;8084
100,100,0.5,100,209,25;9006
100,100,0.5,500,961,25;7912
100,100,0.5,900,295,25;8570
100,100,0.5,500,546,25;7952
100,100,0.5,500,962,25;7666
100,100,0.5,500,338,25;8424
100,100,0.5,100,864,25;7882
100,100,0.5,100,351,25;8644
100,100,0.5,100,91,25;9462
100,100,0.5,100,109,25;9172
100,100,0.5,900,204,25;8934
100,100,0.5,100,891,25;7694
100,100,0.5,100,522,25;8338
100,100,0.5,100,367,25;8402
100,100,0.5,900,713,25;7784
100,100,0.5,100,570,25;8134
100,100,0.5,500,263,25;8442
100,100,0.5,100,829,25;7768
100,100,0.5,100,316,25;8624
100,100,0.5,100,425,25;8294
100,100,0.5,500,321,25;8400
100,100,0.5,100,939,25;8024
100,100,0.5,900,995,25;7746
100,100,0.5,500,761,25;7934
100,100,0.5,900,931,25;8002
100,100,0.5,100,847,25;7930
100,100,0.5,900,437,25;8050
100,100,0.5,900,666,25;7864
100,100,0.5,100,712,25;7716
100,100,0.5,100,665,25;8160
100,100,0.5,500,185,25;8994
100,100,0.5,500,370,25;8442
100,100,0.5,500,144,25;8954
100,100,0.5,100,232,25;8926
100,100,0.5,900,238,25;8746
100,100,0.5,100,748,25;7690
100,100,0.5,500,929,25;7498
100,100,0.5,500,450,25;8242
100,100,0.5,900,694,25;7870
100,100,0.5,100,662,25;7966
100,100,0.5,100,977,25;7856
100,100,0.5,500,936,25;7788
100,100,0.5,500,578,25;7852
100,100,0.5,100,740,25;7658
100,100,0.5,100,254,25;8988
100,100,0.5,900,616,25;8032
100,100,0.5,900,730,25;7724
100,100,0.5,100,84,25;9422
100,100,0.5,500,503,25;8422
100,100,0.5,900,512,25;7854
100,100,0.5,500,668,25;7786
100,100,0.5,100,581,25;7946
100,100,0.5,500,69,25;9304
100,100,0.5,100,711,25;7326
100,100,0.5,500,17,25;9354
100,100,0.5,100,626,25;7992
100,100,0.5,500,837,25;7812
100,100,0.5,900,998,25;7586
100,100,0.5,100,698,25;7736
100,100,0.5,500,458,25;7878
100,100,0.5,900,661,25;8054
100,100,0.5,900,640,25;8120
100,100,0.5,100,919,25;7406
100,100,0.5,100,709,25;7692
100,100,0.5,100,879,25;7682
100,100,0.5,500,36,25;10162
100,100,0.5,500,212,25;9098
100,100,0.5,500,328,25;8430
100,100,0.5,500,290,25;8740
100,100,0.5,100,255,25;8598
100,100,0.5,100,951,25;7550
100,100,0.5,500,570,25;8106
100,100,0.5,500,988,25;7814
100,100,0.5,100,380,25;8106
100,100,0.5,100,597,25;7950
100,100,0.5,500,307,25;8478
100,100,0.5,100,645,25;8184
100,100,0.5,900,869,25;7766
100,100,0.5,100,923,25;7860
100,100,0.5,900,2,25;9800
100,100,0.5,100,457,25;8284
100,100,0.5,900,469,25;8380
100,100,0.5,900,831,25;7922
100,100,0.5,900,141,25;9162
100,100,0.5,100,858,25;7736
100,100,0.5,500,866,25;7552
100,100,0.5,100,176,25;8810
100,100,0.5,900,264,25;8306
100,100,0.5,100,585,25;8250
100,100,0.5,900,851,25;8052
100,100,0.5,500,157,25;8916
100,100,0.5,900,807,25;7864
100,100,0.5,500,132,25;9024
100,100,0.5,100,505,25;8138
100,100,0.5,900,280,25;8602
100,100,0.5,100,324,25;8592
100,100,0.5,900,461,25;8608
100,100,0.5,100,221,25;8632
100,100,0.5,100,411,25;8430
100,100,0.5,500,206,25;8316
100,100,0.5,500,606,25;7692
100,100,0.5,100,99,25;9360
100,100,0.5,100,503,25;8186
100,100,0.5,100,673,25;8018
100,100,0.5,900,900,25;7728
100,100,0.5,900,320,25;8470
100,100,0.5,900,195,25;9010
100,100,0.5,100,315,25;8234
100,100,0.5,900,201,25;8708
100,100,0.5,900,784,25;7540
100,100,0.5,500,702,25;7962
100,100,0.5,500,210,25;9034
100,100,0.5,900,21,25;10092
100,100,0.5,100,940,25;8052
100,100,0.5,500,230,25;8720
100,100,0.5,900,139,25;9194
100,100,0.5,900,111,25;9196
100,100,0.5,100,726,25;7738
100,100,0.5,900,751,25;7698
100,100,0.5,900,133,25;9180
100,100,0.5,900,857,25;7332
100,100,0.5,500,518,25;8280
100,100,0.5,500,683,25;8248
100,100,0.5,500,981,25;7764
100,100,0.5,100,557,25;8050
100,100,0.5,500,842,25;7698
100,100,0.5,900,148,25;9182
100,100,0.5,900,234,25;8718
100,100,0.5,100,502,25;8018
100,100,0.5,500,268,25;8652
100,100,0.5,100,642,25;8014
100,100,0.5,100,203,25;8938
100,100,0.5,500,651,25;8144
100,100,0.5,500,191,25;8624
100,100,0.5,100,937,25;7554
100,100,0.5,500,122,25;9034
100,100,0.5,100,827,25;7746
100,100,0.5,900,968,25;7864
100,100,0.5,500,590,25;7598
100,100,0.5,900,958,25;7760
100,100,0.5,500,190,25;8810
100,100,0.5,900,707,25;7928
100,100,0.5,100,318,25;8776
100,100,0.5,100,258,25;8772
100,100,0.5,500,20,25;9906
100,100,0.5,500,666,25;8062
100,100,0.5,900,468,25;8078
100,100,0.5,900,140,25;9276
100,100,0.5,500,904,25;7790
100,100,0.5,500,57,25;9308
100,100,0.5,900,548,25;8312
100,100,0.5,500,238,25;8870
100,100,0.5,500,336,25;8426
100,100,0.5,900,773,25;7768
100,100,0.5,500,234,25;8806
100,100,0.5,100,766,25;8182
100,100,0.5,100,192,25;9050
100,100,0.5,100,872,25;8010
100,100,0.5,900,463,25;8366
100,100,0.5,500,34,25;9768
100,100,0.5,500,64,25;9154
100,100,0.5,100,404,25;8278
100,100,0.5,500,459,25;7904
100,100,0.5,900,967,25;7990
100,100,0.5,500,138,25;9148
100,100,0.5,900,177,25;8658
100,100,0.5,900,604,25;7740
100,100,0.5,100,621,25;7982
100,100,0.5,500,912,25;7844
100,100,0.5,900,62,25;9316
100,100,0.5,500,149,25;8996
100,100,0.5,900,100,25;8944
100,100,0.5,100,976,25;7962
100,100,0.5,100,871,25;7614
100,100,0.5,500,205,25;8670
100,100,0.5,900,466,25;8988
100,100,0.5,500,704,25;7496
100,100,0.5,900,986,25;8032
100,100,0.5,100,521,25;8304
100,100,0.5,500,354,25;8352
100,100,0.5,500,252,25;8248
100,100,0.5,100,272,25;8788
100,100,0.5,100,659,25;7966
100,100,0.5,500,32,25;9422
100,100,0.5,900,526,25;8320
100,100,0.5,100,336,25;8604
100,100,0.5,500,65,25;9308
100,100,0.5,100,330,25;8444
100,100,0.5,900,501,25;8178
100,100,0.5,900,978,25;7288
100,100,0.5,500,7,25;10022
100,100,0.5,900,198,25;9110
100,100,0.5,100,638,25;7864
100,100,0.5,100,360,25;8348
100,100,0.5,500,798,25;7508
100,100,0.5,100,693,25;7986
100,100,0.5,500,247,25;8816
100,100,0.5,100,333,25;8358
100,100,0.5,500,438,25;8264
100,100,0.5,100,7,25;9402
100,100,0.5,500,293,25;8536
100,100,0.5,900,664,25;7794
100,100,0.5,100,889,25;7854
100,100,0.5,500,856,25;7890
100,100,0.5,100,764,25;7756
100,100,0.5,900,560,25;8240
100,100,0.5,900,485,25;8124
100,100,0.5,100,699,25;7744
100,100,0.5,500,199,25;8822
100,100,0.5,100,560,25;7958
100,100,0.5,100,201,25;8478
100,100,0.5,500,52,25;9068
100,100,0.5,900,886,25;7920
100,100,0.5,900,278,25;8928
100,100,0.5,500,632,25;7882
100,100,0.5,500,435,25;8358
100,100,0.5,100,307,25;8738
100,100,0.5,500,869,25;7868
100,100,0.5,100,207,25;9120
100,100,0.5,100,994,25;7670
100,100,0.5,100,969,25;7554
100,100,0.5,900,636,25;7538
100,100,0.5,500,73,25;9644
100,100,0.5,900,370,25;8736
100,100,0.5,100,233,25;9218
100,100,0.5,900,1,25;9756
100,100,0.5,900,716,25;7976
100,100,0.5,100,657,25;7880
100,100,0.5,100,592,25;7944
100,100,0.5,900,702,25;8176
100,100,0.5,900,85,25;9730
100,100,0.5,900,395,25;8684
100,100,0.5,900,821,25;7914
100,100,0.5,500,814,25;7960
100,100,0.5,900,919,25;7662
100,100,0.5,500,593,25;8346
100,100,0.5,500,85,25;9418
100,100,0.5,900,942,25;7712
100,100,0.5,900,812,25;7746
100,100,0.5,900,584,25;8204
100,100,0.5,900,51,25;9728
100,100,0.5,500,387,25;8688
100,100,0.5,100,73,25;9270
100,100,0.5,500,173,25;8758
100,100,0.5,900,607,25;7904
100,100,0.5,500,728,25;8130
100,100,0.5,900,169,25;9084
100,100,0.5,500,542,25;8338
100,100,0.5,500,130,25;8976
100,100,0.5,100,674,25;8238
100,100,0.5,100,296,25;8998
100,100,0.5,100,400,25;8258
100,100,0.5,500,786,25;7626
100,100,0.5,500,276,25;8336
100,100,0.5,100,943,25;7656
100,100,0.5,900,590,25;7958
100,100,0.5,900,216,25;8562
100,100,0.5,100,135,25;9122
100,100,0.5,100,632,25;8052
100,100,0.5,900,680,25;7650
100,100,0.5,100,701,25;7950
100,100,0.5,100,669,25;7904
100,100,0.5,900,586,25;8180
100,100,0.5,900,506,25;8316
100,100,0.5,500,760,25;7754
100,100,0.5,900,596,25;7936
100,100,0.5,100,704,25;7748
100,100,0.5,100,629,25;8032
100,100,0.5,900,513,25;8158
100,100,0.5,900,912,25;7516
100,100,0.5,500,356,25;8532
100,100,0.5,900,34,25;9524
100,100,0.5,500,711,25;7862
100,100,0.5,900,823,25;7650
100,100,0.5,100,469,25;8014
100,100,0.5,100,157,25;9124
100,100,0.5,500,612,25;8046
100,100,0.5,900,227,25;8810
100,100,0.5,900,307,25;8714
100,100,0.5,900,791,25;7704
100,100,0.5,900,663,25;7706
100,100,0.5,900,28,25;9850
100,100,0.5,500,552,25;7926
100,100,0.5,900,390,25;8514
100,100,0.5,500,492,25;8356
100,100,0.5,500,805,25;7680
100,100,0.5,100,513,25;8188
100,100,0.5,900,959,25;7634
100,100,0.5,100,182,25;8764
100,100,0.5,100,588,25;7958
100,100,0.5,900,567,25;8166
100,100,0.5,500,974,25;7732
100,100,0.5,900,778,25;7776
100,100,0.5,500,948,25;7828
100,100,0.5,500,311,25;8404
100,100,0.5,100,622,25;8144
100,100,0.5,100,927,25;8078
100,100,0.5,100,87,25;9402
100,100,0.5,100,462,25;7756
100,100,0.5,500,469,25;8154
100,100,0.5,900,301,25;8530
100,100,0.5,100,309,25;8312
100,100,0.5,900,381,25;8382
100,100,0.5,500,871,25;7912
100,100,0.5,900,88,25;9732
100,100,0.5,100,612,25;8370
100,100,0.5,100,40,25;9290
100,100,0.5,100,481,25;8020
100,100,0.5,500,771,25;7990
100,100,0.5,500,905,25;7112
100,100,0.5,100,905,25;7790
100,100,0.5,100,436,25;8376
100,100,0.5,900,668,25;8078
100,100,0.5,900,703,25;7568
100,100,0.5,100,690,25;8044
100,100,0.5,900,783,25;7948
100,100,0.5,900,183,25;8964
100,100,0.5,500,740,25;7714
100,100,0.5,500,917,25;7518
100,100,0.5,100,388,25;8506
100,100,0.5,900,13,25;9864
100,100,0.5,900,731,25;8348
100,100,0.5,100,524,25;7866
100,100,0.5,900,302,25;8468
100,100,0.5,500,922,25;7462
100,100,0.5,500,119,25;9056
100,100,0.5,900,859,25;7716
100,100,0.5,900,93,25;9050
100,100,0.5,500,969,25;7818
100,100,0.5,100,784,25;7856
100,100,0.5,900,10,25;9466
100,100,0.5,500,439,25;8266
100,100,0.5,100,655,25;8252
100,100,0.5,500,721,25;7736
100,100,0.5,100,181,25;8700
100,100,0.5,100,59,25;10004
100,100,0.5,500,584,25;8062
100,100,0.5,100,80,25;8974
100,100,0.5,100,303,25;8278
100,100,0.5,900,709,25;7722
100,100,0.5,900,406,25;8724
100,100,0.5,100,9,25;10200
100,100,0.5,900,906,25;7716
100,100,0.5,100,428,25;8130
100,100,0.5,900,460,25;8162
100,100,0.5,900,240,25;8704
100,100,0.5,100,56,25;9344
100,100,0.5,500,561,25;8246
100,100,0.5,500,380,25;8360
100,100,0.5,100,281,25;8970
100,100,0.5,100,925,25;7734
100,100,0.5,100,576,25;8292
100,100,0.5,500,423,25;7968
100,100,0.5,500,479,25;8392
100,100,0.5,500,454,25;8606
100,100,0.5,900,121,25;9176
100,100,0.5,500,285,25;8588
100,100,0.5,500,99,25;9178
100,100,0.5,900,377,25;8696
100,100,0.5,500,803,25;7496
100,100,0.5,500,53,25;9572
100,100,0.5,900,726,25;7924
100,100,0.5,500,367,25;8180
100,100,0.5,100,105,25;9186
100,100,0.5,100,949,25;7488
100,100,0.5,900,675,25;7890
100,100,0.5,500,345,25;8648
100,100,0.5,100,954,25;7796
100,100,0.5,500,75,25;9428
100,100,0.5,900,658,25;8172
100,100,0.5,500,29,25;9454
100,100,0.5,100,760,25;7870
100,100,0.5,500,767,25;7962
100,100,0.5,900,847,25;7708
100,100,0.5,900,1000,25;7618
100,100,0.5,900,555,25;7776
100,100,0.5,500,554,25;7898
100,100,0.5,100,432,25;8260
100,100,0.5,500,111,25;9462
100,100,0.5,500,187,25;8986
100,100,0.5,500,709,25;7880
100,100,0.5,900,695,25;8046
100,100,0.5,500,23,25;9884
100,100,0.5,900,270,25;8758
100,100,0.5,100,223,25;9162
100,100,0.5,900,163,25;9182
100,100,0.5,900,333,25;8486
100,100,0.5,100,1,25;10094
100,100,0.5,500,86,25;9358
100,100,0.5,500,881,25;7548
100,100,0.5,900,241,25;8844
100,100,0.5,900,439,25;8554
100,100,0.5,500,888,25;7780
100,100,0.5,100,126,25;9128
100,100,0.5,100,38,25;9540
100,100,0.5,100,39,25;9498
100,100,0.5,900,549,25;8062
100,100,0.5,500,288,25;8528
100,100,0.5,900,610,25;7842
100,100,0.5,900,417,25;8042
100,100,0.5,900,944,25;7790
100,100,0.5,100,628,25;7960
100,100,0.5,100,345,25;8238
100,100,0.5,100,459,25;8262
100,100,0.5,900,578,25;7968
100,100,0.5,500,667,25;7842
100,100,0.5,900,828,25;7806
100,100,0.5,900,151,25;9172
100,100,0.5,500,245,25;8806
100,100,0.5,500,670,25;7974
100,100,0.5,900,905,25;7830
100,100,0.5,900,427,25;8074
100,100,0.5,100,713,25;7962
100,100,0.5,900,922,25;7380
100,100,0.5,500,749,25;8228
100,100,0.5,900,536,25;7966
100,100,0.5,900,65,25;9160
100,100,0.5,900,124,25;9010
100,100,0.5,100,981,25;7760
100,100,0.5,500,344,25;8464
100,100,0.5,100,854,25;7918
100,100,0.5,500,352,25;8338
100,100,0.5,100,768,25;7984
100,100,0.5,900,562,25;8060
100,100,0.5,500,947,25;7300
100,100,0.5,100,55,25;9420
100,100,0.5,100,776,25;7910
100,100,0.5,100,510,25;8076
100,100,0.5,900,818,25;7662
100,100,0.5,100,391,25;8160
100,100,0.5,500,754,25;7804
100,100,0.5,500,105,25;9260
100,100,0.5,100,681,25;7860
100,100,0.5,900,689,25;7954
100,100,0.5,100,430,25;8520
100,100,0.5,500,718,25;8190
100,100,0.5,100,474,25;8220
100,100,0.5,500,216,25;8680
100,100,0.5,900,880,25;7712
100,100,0.5,100,916,25;7580
100,100,0.5,500,746,25;7716
100,100,0.5,900,625,25;7692
100,100,0.5,500,676,25;7568
100,100,0.5,500,620,25;7582
100,100,0.5,100,293,25;8696
100,100,0.5,100,620,25;8136
100,100,0.5,100,71,25;9466
100,100,0.5,900,682,25;7996
100,100,0.5,100,705,25;8502
100,100,0.5,100,120,25;9050
100,100,0.5,500,996,25;7636
100,100,0.5,100,357,25;8420
100,100,0.5,900,671,25;7748
100,100,0.5,900,678,25;8000
100,100,0.5,100,458,25;8226
100,100,0.5,100,617,25;7750
100,100,0.5,900,528,25;7930
100,100,0.5,500,517,25;8420
100,100,0.5,100,285,25;8670
100,100,0.5,100,50,25;9328
100,100,0.5,900,836,25;7850
100,100,0.5,900,59,25;9044
100,100,0.5,100,74,25;9368
100,100,0.5,900,95,25;9332
100,100,0.5,900,811,25;7512
100,100,0.5,500,827,25;7694
100,100,0.5,900,245,25;8620
100,100,0.5,900,351,25;8656
100,100,0.5,100,121,25;8626
100,100,0.5,100,959,25;7576
100,100,0.5,500,579,25;7870
100,100,0.5,500,470,25;7892
100,100,0.5,500,706,25;8186
100,100,0.5,500,926,25;7648
100,100,0.5,100,520,25;8300
100,100,0.5,500,724,25;7820
100,100,0.5,500,43,25;9354
100,100,0.5,900,39,25;9368
100,100,0.5,100,196,25;8484
100,100,0.5,500,903,25;7886
100,100,0.5,500,852,25;7660
100,100,0.5,500,139,25;9308
100,100,0.5,100,772,25;7946
100,100,0.5,100,256,25;8436
100,100,0.5,900,224,25;8890
100,100,0.5,100,957,25;7898
100,100,0.5,100,477,25;8348
100,100,0.5,100,870,25;7758
100,100,0.5,500,847,25;7672
100,100,0.5,900,914,25;8058
100,100,0.5,100,164,25;8732
100,100,0.5,500,873,25;7574
100,100,0.5,500,695,25;7982
100,100,0.5,100,295,25;8490
100,100,0.5,900,937,25;7798
100,100,0.5,900,665,25;8038
100,100,0.5,500,273,25;8420
100,100,0.5,900,849,25;7868
100,100,0.5,100,6,25;9860
100,100,0.5,500,62,25;9990
100,100,0.5,900,137,25;8834
100,100,0.5,100,413,25;8374
100,100,0.5,500,509,25;8054
100,100,0.5,900,11,25;9690
100,100,0.5,500,862,25;7658
100,100,0.5,100,112,25;9318
100,100,0.5,100,102,25;9430
100,100,0.5,900,415,25;8478
100,100,0.5,100,877,25;7776
100,100,0.5,100,26,25;9820
100,100,0.5,500,471,25;7918
100,100,0.5,900,866,25;8152
100,100,0.5,100,506,25;8202
100,100,0.5,500,277,25;8424
100,100,0.5,900,16,25;9424
100,100,0.5,900,447,25;8458
100,100,0.5,900,304,25;8482
100,100,0.5,500,515,25;7974
100,100,0.5,100,478,25;8208
100,100,0.5,500,465,25;8164
100,100,0.5,100,565,25;8282
100,100,0.5,900,214,25;8680
100,100,0.5,500,369,25;8324
100,100,0.5,500,573,25;8416
100,100,0.5,900,336,25;8202
100,100,0.5,900,785,25;7970
100,100,0.5,900,861,25;8000
100,100,0.5,900,502,25;8282
100,100,0.5,100,111,25;8878
100,100,0.5,900,853,25;7566
100,100,0.5,900,903,25;7966
100,100,0.5,900,249,25;8790
100,100,0.5,900,808,25;8166
100,100,0.5,900,130,25;9458
100,100,0.5,100,406,25;8522
100,100,0.5,500,729,25;7214
100,100,0.5,100,65,25;9190
100,100,0.5,900,626,25;8076
100,100,0.5,100,149,25;9164
100,100,0.5,900,363,25;8300
100,100,0.5,100,127,25;9148
100,100,0.5,900,86,25;9616
100,100,0.5,100,96,25;9366
100,100,0.5,900,759,25;7786
100,100,0.5,100,820,25;7724
100,100,0.5,900,156,25;9140
100,100,0.5,900,228,25;9132
100,100,0.5,500,896,25;7822
100,100,0.5,100,423,25;8196
100,100,0.5,500,297,25;8586
100,100,0.5,500,900,25;7788
100,100,0.5,500,42,25;9098
100,100,0.5,500,934,25;7644
100,100,0.5,900,999,25;7576
100,100,0.5,100,607,25;8108
100,100,0.5,100,473,25;8036
100,100,0.5,500,364,25;8476
100,100,0.5,900,35,25;10024
100,100,0.5,900,908,25;7780
100,100,0.5,500,730,25;8008
100,100,0.5,500,466,25;8188
100,100,0.5,100,615,25;8290
100,100,0.5,900,444,25;8228
100,100,0.5,900,587,25;8072
100,100,0.5,900,704,25;7916
100,100,0.5,100,562,25;7968
100,100,0.5,500,203,25;8984
100,100,0.5,900,293,25;8318
100,100,0.5,900,691,25;7906
100,100,0.5,500,867,25;8066
100,100,0.5,100,165,25;9082
100,100,0.5,900,32,25;9482
100,100,0.5,500,859,25;7636
100,100,0.5,900,129,25;9210
100,100,0.5,900,79,25;9436
100,100,0.5,100,437,25;7864
100,100,0.5,900,817,25;7908
100,100,0.5,500,494,25;8286
100,100,0.5,100,755,25;7858
100,100,0.5,500,817,25;7970
100,100,0.5,100,538,25;7932
100,100,0.5,900,874,25;7546
100,100,0.5,500,693,25;7638
100,100,0.5,900,742,25;7830
100,100,0.5,500,889,25;7742
100,100,0.5,500,682,25;8176
100,100,0.5,100,914,25;7602
100,100,0.5,100,183,25;8836
100,100,0.5,500,822,25;7800
100,100,0.5,500,835,25;7578
100,100,0.5,100,578,25;8194
100,100,0.5,100,603,25;8044
100,100,0.5,500,784,25;7962
100,100,0.5,900,495,25;8342
100,100,0.5,500,963,25;7572
100,100,0.5,500,994,25;7466
100,100,0.5,100,931,25;7694
100,100,0.5,500,208,25;8968
100,100,0.5,500,891,25;7914
100,100,0.5,100,325,25;8468
100,100,0.5,900,973,25;7850
100,100,0.5,100,277,25;8572
100,100,0.5,500,557,25;8090
100,100,0.5,500,419,25;8170
100,100,0.5,100,60,25;9646
100,100,0.5,100,148,25;9064
100,100,0.5,900,724,25;7820
100,100,0.5,500,89,25;9164
100,100,0.5,100,28,25;9642
100,100,0.5,100,492,25;7890
100,100,0.5,900,795,25;7986
100,100,0.5,500,233,25;8742
100,100,0.5,900,868,25;7956
100,100,0.5,900,645,25;7958
100,100,0.5,900,94,25;9206
100,100,0.5,900,419,25;8274
100,100,0.5,500,500,25;8416
100,100,0.5,900,56,25;9536
100,100,0.5,500,656,25;7662
100,100,0.5,900,288,25;8736
100,100,0.5,100,512,25;8180
100,100,0.5,900,550,25;8006
100,100,0.5,900,352,25;8556
100,100,0.5,100,992,25;7564
100,100,0.5,500,428,25;8084
100,100,0.5,900,355,25;8600
100,100,0.5,100,213,25;9020
100,100,0.5,900,781,25;7908
100,100,0.5,500,675,25;7810
100,100,0.5,500,129,25;9380
100,100,0.5,500,861,25;7552
100,100,0.5,100,197,25;8814
100,100,0.5,500,60,25;9662
100,100,0.5,100,421,25;8572
100,100,0.5,900,921,25;7716
100,100,0.5,100,376,25;8358
100,100,0.5,900,943,25;7572
100,100,0.5,900,542,25;8186
100,100,0.5,100,845,25;7688
100,100,0.5,100,594,25;7820
100,100,0.5,900,476,25;8326
100,100,0.5,900,356,25;8238
100,100,0.5,900,588,25;8000
100,100,0.5,100,816,25;8010
100,100,0.5,900,43,25;9634
100,100,0.5,100,266,25;8346
100,100,0.5,900,800,25;7574
100,100,0.5,900,754,25;7740
100,100,0.5,500,731,25;7780
100,100,0.5,500,396,25;8058
100,100,0.5,500,404,25;8364
100,100,0.5,900,964,25;7684
100,100,0.5,900,879,25;7734
100,100,0.5,900,25,25;9768
100,100,0.5,100,637,25;7998
100,100,0.5,900,519,25;7876
100,100,0.5,900,23,25;9688
100,100,0.5,900,618,25;8078
100,100,0.5,500,359,25;8158
100,100,0.5,900,925,25;7736
100,100,0.5,100,535,25;8398
100,100,0.5,900,311,25;8908
100,100,0.5,500,510,25;8116
100,100,0.5,500,865,25;7882
100,100,0.5,900,738,25;8036
100,100,0.5,500,412,25;8366
100,100,0.5,900,885,25;7664
100,100,0.5,100,661,25;8142
100,100,0.5,900,471,25;7970
100,100,0.5,500,694,25;7808
100,100,0.5,900,486,25;8550
100,100,0.5,900,397,25;8616
100,100,0.5,100,664,25;7990
100,100,0.5,100,684,25;7910
100,100,0.5,900,205,25;9426
100,100,0.5,900,909,25;7870
100,100,0.5,100,224,25;8656
100,100,0.5,100,498,25;8170
100,100,0.5,500,850,25;7968
100,100,0.5,500,669,25;8228
100,100,0.5,500,71,25;9728
100,100,0.5,900,248,25;8574
100,100,0.5,900,117,25;9122
100,100,0.5,900,732,25;7758
100,100,0.5,100,466,25;8226
100,100,0.5,100,464,25;8408
100,100,0.5,100,737,25;7816
100,100,0.5,900,474,25;7880
100,100,0.5,900,508,25;7990
100,100,0.5,100,286,25;8524
100,100,0.5,900,188,25;8822
100,100,0.5,500,567,25;8198
100,100,0.5,500,148,25;8848
100,100,0.5,900,210,25;9170
100,100,0.5,100,98,25;9520
100,100,0.5,100,967,25;7486
100,100,0.5,500,816,25;7730
100,100,0.5,500,98,25;9448
100,100,0.5,500,398,25;8480
100,100,0.5,100,787,25;7788
100,100,0.5,500,121,25;9118
100,100,0.5,100,72,25;9368
100,100,0.5,500,521,25;8086
100,100,0.5,500,295,25;8362
100,100,0.5,500,938,25;7500
100,100,0.5,500,785,25;7836
100,100,0.5,900,646,25;8180
100,100,0.5,900,262,25;8554
100,100,0.5,100,372,25;8768
100,100,0.5,100,234,25;8616
100,100,0.5,100,180,25;8652
100,100,0.5,500,372,25;8682
100,100,0.5,100,773,25;7668
100,100,0.5,100,651,25;7934
100,100,0.5,100,476,25;8454
100,100,0.5,100,549,25;8062
100,100,0.5,500,81,25;9026
100,100,0.5,100,440,25;8688
100,100,0.5,500,66,25;9740
100,100,0.5,900,723,25;8142
100,100,0.5,500,625,25;8018
100,100,0.5,500,967,25;7918
100,100,0.5,500,978,25;7872
100,100,0.5,900,971,25;7752
100,100,0.5,100,37,25;10056
100,100,0.5,500,264,25;8670
100,100,0.5,500,613,25;8284
100,100,0.5,100,893,25;7592
100,100,0.5,500,807,25;7642
100,100,0.5,900,674,25;7770
100,100,0.5,100,358,25;8602
100,100,0.5,900,775,25;7648
100,100,0.5,100,814,25;8070
100,100,0.5,100,532,25;8356
100,100,0.5,500,392,25;8548
100,100,0.5,500,296,25;8528
100,100,0.5,900,687,25;7854
100,100,0.5,900,829,25;7670
100,100,0.5,500,843,25;7606
100,100,0.5,900,70,25;9336
100,100,0.5,900,693,25;7830
100,100,0.5,100,384,25;8356
100,100,0.5,500,267,25;8578
100,100,0.5,100,644,25;8012
100,100,0.5,500,532,25;8246
100,100,0.5,100,31,25;9256
100,100,0.5,900,591,25;7980
100,100,0.5,500,588,25;8296
100,100,0.5,900,500,25;8188
100,100,0.5,900,412,25;8232
100,100,0.5,100,624,25;7968
100,100,0.5,500,141,25;9044
100,100,0.5,500,319,25;8452
100,100,0.5,900,934,25;7742
100,100,0.5,100,177,25;9226
100,100,0.5,100,636,25;7758
100,100,0.5,100,720,25;7752
100,100,0.5,900,887,25;7344
100,100,0.5,500,47,25;9510
100,100,0.5,500,659,25;7818
100,100,0.5,500,312,25;8816
100,100,0.5,100,746,25;7722
100,100,0.5,100,231,25;8570
100,100,0.5,500,901,25;7602
100,100,0.5,100,635,25;8000
100,100,0.5,900,488,25;8516
100,100,0.5,900,688,25;8194
100,100,0.5,100,868,25;7720
100,100,0.5,900,109,25;9348
100,100,0.5,900,316,25;8442
100,100,0.5,900,131,25;9446
100,100,0.5,100,166,25;9112
100,100,0.5,100,493,25;8612
100,100,0.5,900,872,25;7880
100,100,0.5,100,533,25;8146
100,100,0.5,100,883,25;7838
100,100,0.5,900,366,25;8348
100,100,0.5,900,873,25;7686
100,100,0.5,500,641,25;7926
100,100,0.5,500,637,25;8282
100,100,0.5,100,32,25;9716
100,100,0.5,900,261,25;8560
100,100,0.5,100,555,25;8106
100,100,0.5,500,126,25;9388
100,100,0.5,900,434,25;8298
100,100,0.5,100,13,25;9682
100,100,0.5,900,50,25;9498
100,100,0.5,500,209,25;8966
100,100,0.5,900,47,25;9386
100,100,0.5,500,530,25;7988
100,100,0.5,100,218,25;8960
100,100,0.5,500,56,25;9774
100,100,0.5,100,556,25;7994
100,100,0.5,100,287,25;8642
100,100,0.5,100,962,25;7826
100,100,0.5,500,127,25;9240
100,100,0.5,900,855,25;7962
100,100,0.5,500,696,25;7938
100,100,0.5,100,912,25;7690
100,100,0.5,900,149,25;8806
100,100,0.5,500,278,25;8408
100,100,0.5,100,678,25;7892
100,100,0.5,100,11,25;9486
100,100,0.5,500,986,25;7884
100,100,0.5,900,494,25;8460
100,100,0.5,500,634,25;7964
100,100,0.5,500,107,25;8842
100,100,0.5,500,427,25;8170
100,100,0.5,900,373,25;8420
100,100,0.5,500,489,25;8194
100,100,0.5,500,84,25;9678
100,100,0.5,500,811,25;8122
100,100,0.5,500,335,25;8728
100,100,0.5,900,387,25;8398
100,100,0.5,500,27,25;9822
100,100,0.5,500,560,25;8172
100,100,0.5,100,252,25;8678
100,100,0.5,100,608,25;8308
100,100,0.5,100,897,25;7360
100,100,0.5,500,102,25;9384
100,100,0.5,900,440,25;8322
100,100,0.5,900,602,25;8158
100,100,0.5,500,46,25;9700
100,100,0.5,500,350,25;8090
100,100,0.5,500,968,25;7548
100,100,0.5,100,987,25;7578
100,100,0.5,900,106,25;9306
100,100,0.5,900,345,25;8158
100,100,0.5,500,137,25;9036
100,100,0.5,500,37,25;9798
100,100,0.5,900,313,25;8782
100,100,0.5,900,865,25;7726
100,100,0.5,100,573,25;8574
100,100,0.5,100,123,25;9354
100,100,0.5,500,217,25;8812
100,100,0.5,900,743,25;7518
100,100,0.5,900,766,25;8012
100,100,0.5,900,375,25;8404
100,100,0.5,100,689,25;7898
100,100,0.5,100,113,25;9180
100,100,0.5,500,558,25;8028
100,100,0.5,100,591,25;8076
100,100,0.5,100,572,25;8554
100,100,0.5,500,576,25;7940
100,100,0.5,500,539,25;8014
100,100,0.5,900,354,25;8312
100,100,0.5,500,386,25;7946
100,100,0.5,100,371,25;8494
100,100,0.5,100,649,25;7838
100,100,0.5,100,803,25;7836
100,100,0.5,100,975,25;8030
100,100,0.5,900,945,25;7328
100,100,0.5,100,49,25;9566
100,100,0.5,100,217,25;8462
100,100,0.5,500,744,25;8070
100,100,0.5,100,93,25;9354
100,100,0.5,900,832,25;8098
100,100,0.5,900,843,25;7796
100,100,0.5,900,193,25;8890
100,100,0.5,100,795,25;7730
100,100,0.5,100,487,25;7968
100,100,0.5,100,865,25;7846
100,100,0.5,100,547,25;8048
100,100,0.5,500,958,25;7518
100,100,0.5,100,970,25;7972
100,100,0.5,100,226,25;9018
100,100,0.5,100,614,25;8208
100,100,0.5,100,534,25;8564
100,100,0.5,500,308,25;8208
100,100,0.5,100,249,25;8876
100,100,0.5,500,990,25;7468
100,100,0.5,500,391,25;8138
100,100,0.5,900,206,25;8614
100,100,0.5,100,958,25;7588
100,100,0.5,900,209,25;8488
100,100,0.5,100,342,25;8342
100,100,0.5,100,982,25;7614
100,100,0.5,500,854,25;7718
100,100,0.5,500,221,25;8408
100,100,0.5,900,212,25;8708
100,100,0.5,900,9,25;9548
100,100,0.5,900,963,25;7476
100,100,0.5,900,343,25;8380
100,100,0.5,500,502,25;8416
100,100,0.5,900,940,25;7900
100,100,0.5,900,40,25;9742
100,100,0.5,500,133,25;9330
100,100,0.5,900,155,25;9248
100,100,0.5,100,489,25;7964
100,100,0.5,900,69,25;9352
100,100,0.5,500,916,25;7634
100,100,0.5,100,558,25;7826
100,100,0.5,500,381,25;8328
100,100,0.5,500,526,25;8040
100,100,0.5,100,352,25;8216
100,100,0.5,900,802,25;8246
100,100,0.5,900,259,25;9060
100,100,0.5,900,901,25;7714
100,100,0.5,900,459,25;7998
100,100,0.5,100,996,25;7222
100,100,0.5,100,409,25;8340
100,100,0.5,500,193,25;8450
100,100,0.5,100,350,25;8644
100,100,0.5,500,563,25;8252
100,100,0.5,500,585,25;8074
100,100,0.5,900,763,25;8020
100,100,0.5,100,276,25;8406
100,100,0.5,100,397,25;8378
100,100,0.5,100,924,25;7822
100,100,0.5,500,596,25;7936
100,100,0.5,100,843,25;7576
100,100,0.5,100,75,25;9134
100,100,0.5,100,730,25;7898
100,100,0.5,500,649,25;8146
100,100,0.5,500,305,25;8562
100,100,0.5,900,523,25;8028
100,100,0.5,500,752,25;7912
100,100,0.5,500,325,25;8706
100,100,0.5,900,119,25;9148
100,100,0.5,900,398,25;8604
100,100,0.5,900,643,25;7992
100,100,0.5,900,837,25;8134
100,100,0.5,900,409,25;8314
100,100,0.5,100,129,25;9080
100,100,0.5,100,24,25;10290
100,100,0.5,900,191,25;8582
100,100,0.5,100,230,25;8632
100,100,0.5,900,374,25;8296
100,100,0.5,900,455,25;8554
100,100,0.5,500,358,25;8646
100,100,0.5,100,156,25;9126
100,100,0.5,900,511,25;8162
100,100,0.5,500,939,25;7810
100,100,0.5,500,757,25;7728
100,100,0.5,900,127,25;9454
100,100,0.5,900,870,25;7982
100,100,0.5,100,930,25;7944
100,100,0.5,500,953,25;8222
100,100,0.5,500,723,25;8002
100,100,0.5,100,652,25;7640
100,100,0.5,500,893,25;8292
100,100,0.5,900,539,25;8316
100,100,0.5,100,853,25;7708
100,100,0.5,500,553,25;8184
100,100,0.5,900,514,25;8360
100,100,0.5,100,792,25;8098
100,100,0.5,900,833,25;7902
100,100,0.5,100,514,25;8262
100,100,0.5,900,627,25;7798
100,100,0.5,100,660,25;8088
100,100,0.5,100,986,25;7414
100,100,0.5,500,456,25;8072
100,100,0.5,900,714,25;7718
100,100,0.5,100,643,25;7982
100,100,0.5,500,648,25;7840
100,100,0.5,500,762,25;8120
100,100,0.5,900,232,25;8506
100,100,0.5,500,614,25;8042
100,100,0.5,500,228,25;8646
100,100,0.5,500,829,25;7606
100,100,0.5,500,175,25;9008
100,100,0.5,900,268,25;8794
100,100,0.5,500,88,25;9420
100,100,0.5,100,676,25;7722
100,100,0.5,900,125,25;9180
100,100,0.5,900,364,25;7852
100,100,0.5,100,35,25;9218
100,100,0.5,500,74,25;9170
100,100,0.5,500,154,25;9004
100,100,0.5,900,554,25;8188
100,100,0.5,900,52,25;9444
100,100,0.5,500,497,25;8198
100,100,0.5,100,114,25;9102
100,100,0.5,500,756,25;7532
100,100,0.5,900,725,25;8094
100,100,0.5,500,898,25;7374
100,100,0.5,900,332,25;8670
100,100,0.5,900,425,25;8146
100,100,0.5,100,736,25;7648
100,100,0.5,900,49,25;9440
100,100,0.5,100,610,25;8106
100,100,0.5,900,568,25;8218
100,100,0.5,500,379,25;8532
100,100,0.5,900,996,25;7640
100,100,0.5,900,790,25;7644
100,100,0.5,500,604,25;8218
100,100,0.5,500,562,25;8492
100,100,0.5,900,990,25;7732
100,100,0.5,100,200,25;8592
100,100,0.5,500,150,25;8946
100,100,0.5,500,493,25;7986
100,100,0.5,500,299,25;8294
100,100,0.5,100,143,25;9038
100,100,0.5,100,21,25;9654
100,100,0.5,500,134,25;9466
100,100,0.5,900,416,25;8236
100,100,0.5,500,162,25;8722
100,100,0.5,900,946,25;7352
100,100,0.5,900,509,25;8240
100,100,0.5,100,861,25;7588
100,100,0.5,500,565,25;8398
100,100,0.5,100,599,25;7972
100,100,0.5,900,813,25;7360
100,100,0.5,100,394,25;8288
100,100,0.5,500,928,25;7728
100,100,0.5,500,809,25;7876
100,100,0.5,500,875,25;7514
100,100,0.5,900,107,25;8832
100,100,0.5,100,968,25;7670
100,100,0.5,100,417,25;8380
100,100,0.5,100,48,25;9574
100,100,0.5,500,890,25;7272
100,100,0.5,900,120,25;8820
100,100,0.5,500,580,25;7880
100,100,0.5,500,617,25;7680
100,100,0.5,900,696,25;7730
100,100,0.5,900,160,25;8864
100,100,0.5,100,671,25;7970
100,100,0.5,900,179,25;8752
100,100,0.5,900,916,25;7726
100,100,0.5,500,374,25;8368
100,100,0.5,900,918,25;7948
100,100,0.5,900,792,25;8024
100,100,0.5,900,888,25;7806
