0.000000
8.556660
63.857296
290.672134
742.521587
1119.163709
2243.429308
8025.203818
20295.623800
28483.361068
17690.174613
3632.239682
41806.304311
153453.999594
239270.848291
156138.512504
-40339.297840
-19219.168467
448887.433448
1004708.382757
900619.871325
9589.759955
-565142.838064
452113.771078
2563791.509476
3330380.439506
1174839.366123
-1769290.734166
-1163186.022751
4006695.945295
8500346.118765
5978845.735246
-2165105.587413
-5880519.323077
2260346.039462
15522468.244322
17725096.596341
2950703.418114
-12855633.595412
-7339054.789604
19157163.217576
37418083.030461
21339042.686547
-15438241.525977
-27420704.655559
9253503.370331
58953678.005653
59809064.286199
579174.723853
-52212793.215129
-25175372.027889
65626298.197238
116161217.106279
53332140.464707
-61689562.112193
-86232597.138749
32577800.782175
170342781.717461
153771174.955081
-21876449.185820
-154741411.225111
-61289127.580003
181440006.978875
289338286.084586
103425261.016026
-182613652.884155
-213006970.579254
97781004.627272
410373231.021719
328775702.950831
-99448515.243709
-374786959.080400
-116690005.100624
430931345.387958
618330984.973428
160380497.987503
-446516265.007748
-445400558.131662
253958600.512540
867435992.054747
613109754.519495
-295578421.762165
-787519006.459248
-178270724.202438
912947921.023531
1179064034.295440
190011712.219212
-954192413.243302
-822171238.739531
584498157.791690
1660173532.783301
1025147043.426572
-711965102.238302
-1487504311.375335
-207523035.001738
1768417427.968331
2056448501.787455
122946156.400000
-1843015729.937329
-1373864471.713981
1218753365.520823
2937263314.527608
1561169873.359435
-1498113304.597770
-2583851200.480452
-126827003.392745
3186365316.948542
3335127238.056086
-158989559.117063
-3288368605.089272
-2109981546.284626
2343822855.709950
4873710066.563382
2180298082.599195
-2859643426.352994
-4191424252.191046
196140258.197171
5407440347.941282
5086316093.649696
-836971868.693593
-5501573316.375228
-3002749671.143257
4215491353.713217
7663012266.207944
2786965368.638792
-5064371569.036809
-6417779003.226868
965159364.191621
8724022486.718872
7350722664.043019
-2169054610.454274
-8723574323.768759
-3967817851.812454
7167319922.441695
11504721042.841906
3211579780.822261
-8445166265.764511
-9345666637.125719
2472503703.053384
13476056642.685663
10117751305.640617
-4502682327.678688
-13213756952.523405
-4842432446.301352
11616819022.551310
16587098049.187849
3190213622.421293
-13398605773.266768
-13011181157.292540
5115206963.536581
20041842565.161396
13301436484.306953
-8284706630.439995
-19233434677.453423
-5361865087.598576
18067608035.661583
23064769567.946346
2344347989.585436
-20378505569.331802
-17377834154.489433
9409394689.153893
28823127374.957191
16713756188.498438
-14067722839.557657
-27023710525.742680
-5135047366.640526
27106498494.660721
31031484885.234123
161828419.835502
-29883498017.881096
-22307066468.646408
16001448090.694626
40224028018.727936
20036188915.016521
-22511559130.035446
-36777649609.497147
-3620541202.863727
39394533496.485199
40488345517.243973
-4019695558.787246
-42438014588.739426
-27525964729.467503
25674724847.229256
54623537095.409172
22790609295.973175
-34378786137.971626
-48606961407.227089
-104153752.894430
55651128175.817368
51308142193.750710
-11025464945.146486
-58566198671.412704
-32593201463.900623
39350534549.873192
72341589328.039459
24310821616.072845
-50523172710.438232
-62503635589.977821
6320359258.145712
76630591972.560074
63196675016.522499
-21851007748.746368
-78758475600.573883
-36864421085.905251
58082108446.555298
93598904572.524521
23716173936.780540
-71870144916.540253
-78297226293.499741
16765993945.334835
103090521995.384370
75652166445.459213
-37662831986.265862
-103430771460.470540
-39458483605.742142
83040421802.158615
118471117585.726790
19888817167.320171
-99388507523.780548
-95608773066.559586
32561056774.946781
135751824476.657640
87924138514.386322
-59791062577.291939
-132876680152.217300
-39226180521.867249
115490867423.828050
146838022448.928190
11456295420.036610
-134052901518.499730
-113802641711.302460
55250007146.055923
175250387702.010010
98973367028.752579
-89712737533.096161
-167213167828.077450
-34723199077.822792
156759935411.749080
178329040038.329470
-3218781994.708059
-176796698400.182560
-131937807226.102110
86585051752.033051
222080701643.728820
107434694163.142120
-129024623399.049290
-206320689065.825410
-24189187300.743446
208191287845.391080
212266282330.577420
-26040265654.483765
-228455331426.435880
-148720314807.531520
128507094847.491390
276532054193.240360
111584616205.647260
-179404644277.892910
-249778924262.190280
-5534810506.058090
271090929245.221250
247606887585.390050
-59169533879.706741
-289700424764.059630
-162458888355.734650
183114817235.226320
338618308233.946040
109315704971.144670
-242561274086.223270
-296799698284.829100
23661275140.236366
346661490392.208440
282886591554.054380
-105004524635.269150
-360965426846.629090
-171025857367.061800
252620834452.910800
408002600666.498410
98120011653.972916
-320170501663.022460
-346158931297.329040
66143637757.242126
435925956089.533450
316166710766.057680
-166145303602.630920
-442363784448.981630
-171825677396.068480
339294140283.377440
483918613308.074220
75083583451.871277
-413800312784.827270
-396129722938.186770
124957724063.326510
539641545994.389710
344986874179.368770
-245345001835.117920
-533601076925.929930
-161773367223.202030
445388397351.053590
565090412378.909790
36894148557.036041
-524823050535.512330
-444418944603.919490
203412397989.696900
658204896999.043950
366326010169.499880
-345445254926.264890
-633882948324.844240
-137285234728.801070
573056010987.476070
649653208570.544070
-20136053786.482021
-654316428482.207640
-488109970613.803040
305026007306.491700
791550104298.623170
376574225984.170100
-469295572384.812620
-741821035375.827150
-94284253851.902573
724248284597.572510
735077661272.951290
-100030470334.474500
-802954357607.543700
-523614329647.608280
433454895037.647160
939041544751.959230
371518225843.364010
-619656434964.986940
-855339392380.942500
-28222315979.173714
900602381227.804320
818100552389.932500
-207089908724.117340
-970889186711.109990
-546635130712.815920
592403667279.345460
1099363810151.861900
346342843130.946960
-799086392959.380620
-971584239309.853880
65878634589.197739
1103316326627.353000
894664865685.660520
-345814481273.195310
-1157627452189.898900
-552145189611.420290
785516965452.854860
1270411510663.437000
295651185847.774900
-1009813928941.549700
-1086840185089.987100
193364788856.593630
1333013784495.626000
959872493276.334590
-520804944890.600040
-1361901682117.176300
-534382808423.492430
1016252909895.412500
1449182063094.650600
213505758974.817350
-1253595304132.759500
-1196456297878.292200
359866476489.854550
1589600775763.716800
1007952848731.746000
-736642966511.802490
-1581541174805.448200
-486868045031.806950
1287738859818.571800
1631674842277.253700
93492644764.137833
-1531560110361.573700
-1294785511035.447500
571190901991.382570
1872116986736.615500
1032250616267.327300
-997750374494.471190
-1813345063253.472700
-402442089860.013670
1602610720289.837400
1812800339409.523400
-71189552689.000107
-1844046833132.400400
-1375140962410.602800
833191028869.474730
2178584834910.482900
1025235803038.632700
-1308228030737.999500
-2052961388927.903100
-273332136851.858520
1962837622282.397000
1986303229627.985400
-287614667918.551270
-2190431287875.420400
-1429772942946.177000
1151610509491.667200
2505859921198.700700
978539151988.617070
-1671675496110.930200
-2294776222078.749500
-91243849829.333450
2369534335978.954600
2144703382784.085200
-562986940885.336670
-2568951261570.734400
-1449870062079.710900
1531905090360.695300
2849486848075.207000
883015705614.868410
-2090993236809.070100
-2531817052837.771000
152516918421.698970
2822764333017.383800
2279258846248.591800
-904471671625.650150
-2976531166417.990700
-1425588030977.914300
1979041584279.585200
3203564722696.664600
728838915191.692500
-2568169798141.113300
-2755674841626.067400
466892049941.014830
3321337042236.204100
2379954795433.952600
-1318998904556.929400
-3408611028129.252900
-1346109232943.903100
2497276205992.370100
3560627014893.245600
505627280089.818970
-3104057053239.562500
-2956449267444.913600
860888171797.711430
3862603431896.072800
2435522381632.085400
-1813041114056.864300
-3858984566303.184600
-1199735975024.989300
3089914712852.107400
3911540674236.158700
202605046236.727450
-3698137223752.304700
-3122721718496.773400
1343362783722.388700
4442254518445.733400
2433491178851.708500
-2392366519083.864300
-4319651412656.747600
-974019871462.666380
3759057445335.618200
4245429480677.280800
-191202125537.452790
-4348285947514.057100
-3241560404233.098600
1922780268401.955300
5054127838882.007800
2360278536756.358400
-3061770433116.005900
-4780688757110.690400
-655929216126.537230
4505333107882.585900
4549626622452.809600
-686736351237.604000
-5050536306138.094700
-3298561753188.956100
2606939369233.689900
5690027389106.972700
2201318714122.438000
-3824787875620.004400
-5230147956541.414100
-232055590348.478490
5327625870081.735400
4809661493571.103500
-1294642134004.685300
-5798849309910.613300
-3277932013206.541000
3402674491880.183100
6339562899273.830100
1941234198827.845700
-4683391404167.090800
-5653981753539.364300
311139687105.468440
6222800982327.919900
5009285544517.241200
-2024967694177.023200
-6584896762396.535200
-3162612552635.796900
4315533951418.470200
6990014500189.334000
1564050981274.331300
-5637678830230.956100
-6036007664068.875000
987039460160.927370
7185434662926.865200
5130541657294.502900
-2886835200690.838400
-7397862782634.558600
-2934451750066.872100
5349439160711.663100
7626228937185.345700
1053458740378.228900
-6685556260492.288100
-6357912922362.466800
1808546109071.289800
8207554617552.785200
5153881081342.653300
-3888083052212.271500
-8224270629186.854500
-2574425698811.688000
6506329664579.361300
8230553577925.845700
393116075537.866270
-7822422666739.883800
-6599306174570.252000
2787720429496.321800
9278398088593.175800
5058331502506.217800
-5034884254819.165000
-9047841726291.013700
-2062909268195.026400
7785799717787.611300
8782814407071.598600
-432999914081.599370
-9040862788827.470700
-6737820751458.068400
3935386939924.201200
10384194671212.740000
4821719181364.671900
-6331345795786.896500
-9849393824454.701200
-1379998214664.355200
9184732824209.627000
9260343910646.306600
-1440201379866.353000
-10330355677909.215000
-6749273755626.599600
5260709549577.035200
11507981356948.209000
4420947246419.955100
-7779094850597.069300
-10606785138664.449000
-505882004730.851620
10696941423738.783000
9638064348337.890600
-2642657595935.221200
-11677006707423.402000
-6607884509534.521500
6770742612000.710000
12629457480918.240000
3832331315605.764200
-9376858624278.593700
-11294911192695.619000
578734036077.118040
12312819652443.209000
9888631476610.517600
-4052926825139.709000
-13063311317979.643000
-6286555197820.734400
8469963390673.740200
13724887341029.389000
3031992702664.744600
-11120045445124.498000
-11885760831925.104000
1892159658852.398900
14019017644290.176000
9982643184992.119100
-5681457073802.985400
-14467958966430.402000
-5757215660577.002900
10359792872054.744000
14767058090819.523000
1996308398728.704600
-13000335421147.367000
-12348537333871.994000
3451207270184.032700
15798146235536.922000
9888916649809.697300
-7536061742514.901400
-15865685789111.445000
-4991233186518.492200
12438112822792.639000
15725300176329.496000
702415764278.884520
-15005289678443.084000
-12649849863957.766000
5270640996407.840800
17628521312588.574000
9574836635019.845700
-9621377367861.492200
-17227184496355.838000
-3959886977096.522500
14698787962525.861000
16565577216615.484000
-871231401318.795900
-17117987864829.842000
-12753979809417.693000
7362593307615.191400
19483957329683.172000
9006776582307.275400
-11938311720540.311000
-18519079891198.609000
-2634905793339.087400
17131202919425.910000
17250651703434.687000
-2744259954951.446800
-19316704034540.309000
-12623225650948.523000
9735956405566.205100
21333619537774.785000
8150592996946.897500
-14483491450638.926000
-19703977989427.602000
-989066014108.492190
19719824249961.324000
17740332078651.539000
-4933733510794.484400
-21574631256096.109000
-12218328883799.504000
12395756759534.285000
23141944265577.109000
6972192261997.584000
-17248719406949.264000
-20740596095236.805000
1003154135989.354000
22443798395219.359000
17991805750515.430000
-7453474813779.485400
-23859665463817.559000
-11498982216085.053000
15342522414541.803000
24868636334052.461000
5438167562892.608400
-20220452689216.082000
-21583980508974.449000
3364869907457.529800
25276596975334.387000
17960061578269.215000
-10313363007850.316000
-26134259144681.160000
-10424419989099.209000
18571653792794.324000
26468752289314.941000
3516502201422.936000
-23379313213028.105000
-22185817717176.789000
6116041990139.247100
28185721087568.887000
17598404180041.152000
-13518615622785.461000
-28355355221890.312000
-8954089360166.007800
22072809602007.715000
27892877425228.801000
1177334087910.450200
-26699643045915.152000
-22494843777597.277000
9272693636721.191400
31132476272767.953000
16859060960835.121000
-17069066305490.471000
-30474410997993.180000
-7048399146914.209000
25829320317319.785000
29087403603333.926000
-1606225466913.882600
-30149117181142.754000
-22457355264188.930000
12846102991360.371000
34071829726347.703000
15693881147831.713000
-20958450562614.727000
-32437521434531.406000
-4669541512433.088900
29817642530487.516000
29994913845498.672000
-4857227200951.222700
-33688426743651.180000
-22017823756910.465000
16841982108418.186000
36952361122946.789000
14055124529407.703000
-25173712849958.152000
-34185650321035.359000
-1782380031791.551300
34006868044235.320000
30554678504223.508000
-8593983646674.310500
-37271045654282.008000
-21119614361947.387000
21259655374498.445000
39716317888826.156000
11896335919132.937000
-29694349146944.836000
-35654976826342.992000
1644603997312.955100
38358301868719.844000
30703266325852.285000
-12829144733899.697000
-40843093486348.055000
-19705806967865.043000
26091251215740.211000
42299784902166.930000
9173299466246.736300
-34491799858191.887000
-36777363576011.383000
5638316970976.554700
42825123431605.344000
30375271995938.992000
-17568762395720.684000
-44343306824912.406000
-17720117000007.109000
31320922151545.016000
44632977629932.352000
5845064959200.793000
-39528908535500.516000
-37480950968292.680000
10220021907308.918000
47352145367615.937000
29504160002594.039000
-22811358794722.016000
-47703130887203.594000
-15107910534215.814000
36924109232882.219000
46640666603840.297000
1875036413740.564500
-44759462291630.062000
-37690880890243.031000
15404284285892.359000
51875683984870.492000
28023222814546.832000
-28547013986012.750000
-50846942263164.727000
-11817306692463.135000
42866867550163.641000
48242739686536.727000
-2767888598560.462900
-50127829786753.727000
-37330151127317.031000
21197909735144.508000
56323554855207.055000
25866649264772.031000
-34756489904221.133000
-53692412369176.203000
-7800358104980.747100
49105269976294.469000
49354906804110.258000
-8108142383796.135700
-55568712494118.281000
-36320599636343.844000
27598890086403.605000
60615206147468.547000
22970696757647.266000
-41410408605984.953000
-56151019794403.039000
-3014298019712.036100
55584906707597.383000
49889549952525.039000
-14162288741879.973000
-61007024655685.187000
-34584015708643.793000
34595375753396.121000
64662001358425.930000
19274958713093.047000
-48468503512046.016000
-58128718179309.789000
2577159401003.758300
62240498261279.516000
49756719323392.078000
-20937819849199.684000
-66357916698311.609000
-32043372864834.488000
42164693500075.867000
68367661772958.570000
14723716478410.250000
-55878962809241.594000
-59526764382170.773000
9002481007471.832000
68995639252954.867000
48865274130048.633000
-28431967000572.547000
-71526955805176.953000
-28624175898344.766000
50272429557882.141000
71628877253624.234000
9267362593885.716800
-63577884349987.961000
-60242709454884.656000
16280956253670.604000
75762689696038.234000
47124164183656.883000
-36630545310230.586000
-76410476035317.266000
-24255911896994.980000
58871598880881.586000
74336092051397.266000
2863879905048.729500
-71488861444302.578000
-60171552612946.695000
24421337854842.230000
82442829838795.062000
44443845730877.070000
-45506853804991.844000
-80896108940663.984000
-18873592584648.145000
67901921892674.852000
76374470308753.062000
-4519641168391.909200
-79522718671526.609000
-59207055988412.031000
33420502563200.559000
88926293470103.047000
40737822537105.500000
-55020653276516.914000
-84863503826504.062000
-12419372927913.066000
77289230183474.187000
77625043575426.406000
-12905466909415.920000
-87577416080623.547000
-57243215285152.008000
43262154521536.508000
95092793055754.125000
35924300474957.383000
-65117244900934.859000
-88185244554940.297000
-4844228446881.181600
86945022402611.484000
77966039937672.312000
-22303687861602.883000
-95538139077771.578000
-54175878518081.164000
53915595003151.477000
100812148224687.660000
29927941003581.648000
-75726673153873.906000
-90727967341471.109000
3890328860991.258800
96766191219646.469000
77274391536272.187000
-32710713337320.371000
-103277590062845.720000
-49904502090981.180000
65334583487837.008000
105945127137916.920000
22681696187506.031000
-86763076776261.984000
-92353681452820.250000
13810518341973.715000
106634941508433.840000
75427414405639.797000
-44107818104047.508000
-110656496273013.810000
-44334030613818.992000
77456315700049.422000
110344507935659.390000
14128705336087.912000
-98124211250938.156000
-92921291869162.016000
24928566617794.578000
116418918646534.870000
72304651493910.453000
-56459767701319.719000
-117524346164251.870000
-37376883867674.203000
90200544528988.125000
113856364654486.590000
4224230735240.761700
-109691165555775.910000
-92288319753909.203000
37241017950217.320000
125971564182313.220000
67789866393782.031000
-69713549936965.398000
-123720364214854.690000
-28955031207635.613000
103468869862716.910000
116321578976678.590000
-7062392655417.744100
-121328295062223.610000
-90312813249402.109000
50727107179603.039000
135132714292719.920000
61773172017881.750000
-83797240963574.859000
-129074731446063.920000
-19002130755521.273000
117144223160128.390000
117577576078905.690000
-19745820947363.117000
-132883391189443.140000
-86855437825753.812000
65347224759439.609000
143729454260869.560000
54153275301775.250000
-98619034659875.641000
-133410056036318.520000
-7465708053321.028300
131090571795497.170000
117460279490207.160000
-33822807839914.773000
-144188106575994.410000
-81781731948756.812000
81041504355172.141000
151577239454657.970000
44839815801831.164000
-114066463887784.730000
-136543095009653.950000
5690653792133.244100
145152866940547.280000
115806276145148.800000
-49270385026808.023000
-155058652241675.660000
-74964510138499.672000
97728564215758.703000
158481290179932.810000
33755772751661.609000
-130005841795895.720000
-138286724340522.810000
20485143027495.008000
159157257230642.940000
112455178996884.890000
-66044149214718.031000
-165296780711380.720000
-66286391859979.586000
115304433982085.190000
164238264536875.870000
20839912064120.852000
-146281950591226.120000
-138452151146932.910000
36915599996121.680000
172911588571437.660000
107252170827112.340000
-84076689578780.172000
-174691066219450.500000
-55642431283504.141000
133641698463557.270000
168638209868941.660000
6049242043561.373000
-162718003821212.810000
-136851357768601.620000
54957484213161.328000
186206207927228.250000
100050709067923.160000
-103276190043991.280000
-183018489688690.280000
-42942819573682.805000
152588889207100.840000
171466789380065.590000
-10638556011721.600000
-179115906265980.690000
-133299763307372.700000
74561963793390.625000
198815085916108.560000
90715367435217.656000
-123525241051546.660000
-190046332359532.440000
-28115627950476.547000
171970153659303.000000
172507776232184.590000
-29222758610032.527000
-195256833303891.120000
-127619083907946.120000
95654164529970.328000
210497269791001.840000
79124786260198.953000
-144679895412334.190000
-195534378000489.340000
-11109556630679.123000
191585230324200.440000
171545803180152.780000
-49677330597215.437000
-210902149000457.190000
-119640368918628.770000
118131616635522.170000
220998674808273.530000
65174699808324.094000
-166569002148457.310000
-199237419439947.310000
8103347918580.203100
211209756247843.660000
168369351413986.030000
-71948795207043.016000
-225794678909945.280000
-109207185932373.620000
141862937224172.530000
230054217836524.190000
48781005409171.797000
-188993850852880.280000
-200908060515472.250000
29525047410210.387000
230595930450952.160000
162773957588274.560000
-95954284542780.375000
-239660349764670.970000
-96178923431999.109000
166686786291696.810000
237390292488742.370000
29882835783747.879000
-211728157335588.280000
